1.267481063173298450e+00 2.002464648245359058e+04
1.269538090689303234e+00 2.022014773682845407e+04
1.271595118205308017e+00 2.006157891044457938e+04
1.273652145721313023e+00 2.018560768440761603e+04
1.275709173237317806e+00 2.010794625457202346e+04
1.277766200753322590e+00 1.984891150690754876e+04
1.279823228269327373e+00 1.987604468952173920e+04
1.281880255785332157e+00 1.967928286229741570e+04
1.283937283301337162e+00 1.985451031530180262e+04
1.285994310817341946e+00 1.979498542073815770e+04
1.288051338333346729e+00 1.975428785144805806e+04
1.290108365849351735e+00 1.968079795851309609e+04
1.292165393365356518e+00 1.953933786982791935e+04
1.294222420881361302e+00 1.950151021669435431e+04
1.296279448397366085e+00 1.962606538747870218e+04
1.298336475913370869e+00 1.947561036418365984e+04
1.300393503429375874e+00 1.953131655372854584e+04
1.302450530945380658e+00 1.946573184886419040e+04
1.304507558461385441e+00 1.926203334715685560e+04
1.306564585977390225e+00 1.935411411953772040e+04
1.308621613493395230e+00 1.944940773471123248e+04
1.310678641009400014e+00 1.928132606987735562e+04
1.312735668525404797e+00 1.922132262685838941e+04
1.314792696041409581e+00 1.911346694217908589e+04
1.316849723557414364e+00 1.918843016391104902e+04
1.318906751073419370e+00 1.910379287819175443e+04
1.320963778589424154e+00 1.913138882568136250e+04
1.323020806105428937e+00 1.898015685424095136e+04
1.325077833621433943e+00 1.923600309029170603e+04
1.327134861137438726e+00 1.912590642648108042e+04
1.329191888653443510e+00 1.904379381677626225e+04
1.331248916169448293e+00 1.904703421548211918e+04
1.333305943685453077e+00 1.907011948643639698e+04
1.335362971201458082e+00 1.890693612420540012e+04
1.337419998717462866e+00 1.891306009925301987e+04
1.339477026233467649e+00 1.900316723835326775e+04
1.341534053749472433e+00 1.880046083578867911e+04
1.343591081265477438e+00 1.888235592562210513e+04
1.345648108781482222e+00 1.876322701912736375e+04
1.347705136297487005e+00 1.869991015922887891e+04
1.349762163813491789e+00 1.883999835783486924e+04
1.351819191329496572e+00 1.898176268249080022e+04
1.353876218845501578e+00 1.874850398553572086e+04
1.355933246361506361e+00 1.881901512439399085e+04
1.357990273877511145e+00 1.846657120303608099e+04
1.360047301393516150e+00 1.863571510115166166e+04
1.362104328909520934e+00 1.878076648083205873e+04
1.364161356425525717e+00 1.859328418167111522e+04
1.366218383941530501e+00 1.845624204782574088e+04
1.368275411457535284e+00 1.870658507390057639e+04
1.370332438973540290e+00 1.854936513371130059e+04
1.372389466489545073e+00 1.877750000879314757e+04
1.374446494005549857e+00 1.857582432453880028e+04
1.376503521521554640e+00 1.867735194432829303e+04
1.378560549037559646e+00 1.871139936993907031e+04
1.380617576553564430e+00 1.909855636791759025e+04
1.382674604069569213e+00 1.914357864749248984e+04
1.384731631585573997e+00 1.907089126513680094e+04
1.386788659101578780e+00 1.885737870388634474e+04
1.388845686617583786e+00 1.888324325462547858e+04
1.390902714133588569e+00 1.881436072501908347e+04
1.392959741649593353e+00 1.881813031965845948e+04
1.395016769165598136e+00 1.876495479829107717e+04
1.397073796681603142e+00 1.875209470350540141e+04
1.399130824197607925e+00 1.865090428498380061e+04
1.401187851713612709e+00 1.879823853969260745e+04
1.403244879229617492e+00 1.865555221694850479e+04
1.405301906745622498e+00 1.887227099558919144e+04
1.407358934261627281e+00 1.877291027193730406e+04
1.409415961777632065e+00 1.884805399521009531e+04
1.411472989293636848e+00 1.895230533099998138e+04
1.413530016809641854e+00 1.902593609984262730e+04
1.415587044325646637e+00 1.911772359106452859e+04
1.417644071841651421e+00 1.924448847657513761e+04
1.419701099357656204e+00 1.936483556823996332e+04
1.421758126873660988e+00 1.927570755276976706e+04
1.423815154389665993e+00 1.921152409696306131e+04
1.425872181905670777e+00 1.936915735667208355e+04
1.427929209421675560e+00 1.955497987643175293e+04
1.429986236937680344e+00 1.978320087501033413e+04
1.432043264453685349e+00 1.997269063576152257e+04
1.434100291969690133e+00 2.014986395697649277e+04
1.436157319485694916e+00 2.069943486183932691e+04
1.438214347001699700e+00 2.095985736244083091e+04
1.440271374517704706e+00 2.166293007786716043e+04
1.442328402033709489e+00 2.216735592897023525e+04
1.444385429549714273e+00 2.321581918559512997e+04
1.446442457065719056e+00 2.418484925996007951e+04
1.448499484581724062e+00 2.541786414989771220e+04
1.450556512097728845e+00 2.698149459930868397e+04
1.452613539613733629e+00 2.930245411596362101e+04
1.454670567129738412e+00 3.110040497861124095e+04
1.456727594645743196e+00 3.395536776394034678e+04
1.458784622161748201e+00 3.686361505518394551e+04
1.460841649677752985e+00 4.013311403691818123e+04
1.462898677193757768e+00 4.307980577057583287e+04
1.464955704709762552e+00 4.571738020894083456e+04
1.467012732225767557e+00 4.788232453216311114e+04
1.469069759741772341e+00 4.909379721807216993e+04
1.471126787257777124e+00 4.927429392906885187e+04
1.473183814773781908e+00 4.877692182603189576e+04
1.475240842289786913e+00 4.781917012245650403e+04
1.477297869805791697e+00 4.569194856982657075e+04
1.479354897321796480e+00 4.416219530691631371e+04
1.481411924837801264e+00 4.243642759310544352e+04
1.483468952353806269e+00 4.133125539178194595e+04
1.485525979869811053e+00 4.094612474859318900e+04
1.487583007385815836e+00 4.042078253139499429e+04
1.489640034901820620e+00 4.012056844538250880e+04
1.491697062417825403e+00 4.025294179153491859e+04
1.493754089933830409e+00 4.019409152014498250e+04
1.495811117449835193e+00 4.008709189776769199e+04
1.497868144965839976e+00 3.977295584000698000e+04
1.499925172481844760e+00 3.976971482550866494e+04
1.501982199997849765e+00 3.954979200090095401e+04
1.504039227513854549e+00 3.925375584590176004e+04
1.506096255029859332e+00 3.875761939341755351e+04
1.508153282545864116e+00 3.819908268187206704e+04
1.510210310061869121e+00 3.771681409020211140e+04
1.512267337577873905e+00 3.681528985086658213e+04
1.514324365093878688e+00 3.618449378817366960e+04
1.516381392609883472e+00 3.529636812974965142e+04
1.518438420125888255e+00 3.467834910787746776e+04
1.520495447641893261e+00 3.402697441204545612e+04
1.522552475157898044e+00 3.275316944667593634e+04
1.524609502673902828e+00 3.199837489775980794e+04
1.526666530189907611e+00 3.112050481858284911e+04
1.528723557705912617e+00 3.022790053416648880e+04
1.530780585221917400e+00 2.957110079823145497e+04
1.532837612737922184e+00 2.877869175777424607e+04
1.534894640253926967e+00 2.837544698278196302e+04
1.536951667769931973e+00 2.791041527767681691e+04
1.539008695285936756e+00 2.730071966407665604e+04
1.541065722801941540e+00 2.670561491322847723e+04
1.543122750317946323e+00 2.642793324658472557e+04
1.545179777833951329e+00 2.607533152512740344e+04
1.547236805349956112e+00 2.566380043418276182e+04
1.549293832865960896e+00 2.668451991306549098e+04
