3.780136681369740057e-03 1.270807742782950527e+03
5.818414454384468470e-03 5.169687345039111278e+03
7.856692227399264539e-03 8.494491131664353816e+03
9.894970000413949585e-03 1.154320398823286450e+04
1.193324777342874565e-02 1.636430032139931791e+04
1.397152554644354172e-02 2.270759404573446955e+04
1.600980331945822677e-02 2.716295713911119674e+04
1.804808109247302284e-02 3.155572781410983953e+04
2.008635886548770788e-02 2.363179238415521831e+04
2.212463663850250395e-02 1.787261928905209788e+04
2.416291441151718900e-02 1.664048090623245662e+04
2.620119218453198506e-02 1.584623510371589509e+04
2.823946995754667011e-02 1.539143816797558429e+04
3.027774773056146618e-02 1.513036007784937829e+04
3.231602550357615122e-02 1.471780435686580495e+04
3.435430327659094729e-02 1.475257334881583847e+04
3.639258104960563234e-02 1.482924840303076053e+04
3.843085882262042841e-02 1.475341564166416356e+04
4.046913659563522447e-02 1.450557921647362491e+04
4.250741436864990952e-02 1.457132795991011153e+04
4.454569214166470559e-02 1.464315956450161320e+04
4.658396991467939063e-02 1.460392706481868299e+04
4.862224768769418670e-02 1.448351538541218906e+04
5.066052546070887175e-02 1.434863970198790776e+04
5.269880323372366782e-02 1.440935766297729242e+04
5.473708100673835286e-02 1.459617214233476261e+04
5.677535877975314893e-02 1.435631582256181355e+04
5.881363655276783398e-02 1.432698347679930885e+04
6.085191432578263004e-02 1.415910433776782156e+04
6.289019209879731509e-02 1.417158584976954080e+04
6.492846987181211116e-02 1.420420339444659476e+04
6.696674764482690723e-02 1.413788903680569456e+04
6.900502541784159227e-02 1.425001537795414697e+04
7.104330319085638834e-02 1.415973124927870231e+04
7.308158096387107339e-02 1.414184604467630743e+04
7.511985873688586945e-02 1.403333451903720561e+04
7.715813650990055450e-02 1.402083616270597122e+04
7.919641428291535057e-02 1.392030308240503291e+04
8.123469205593003561e-02 1.380140697232678576e+04
8.327296982894483168e-02 1.390664217612850007e+04
8.531124760195951673e-02 1.393752148780869538e+04
8.734952537497431280e-02 1.390025103130183561e+04
8.938780314798899784e-02 1.393628800817759839e+04
9.142608092100379391e-02 1.391967166903104953e+04
9.346435869401858998e-02 1.374203508168903136e+04
9.550263646703327503e-02 1.370793283050047285e+04
9.754091424004807109e-02 1.365741461155732395e+04
9.957919201306275614e-02 1.369745388031564107e+04
1.016174697860775522e-01 1.369786284138831797e+04
1.036557475590922373e-01 1.377872245905953969e+04
1.056940253321070333e-01 1.368249777938921579e+04
1.077323031051217184e-01 1.359767032258244581e+04
1.097705808781365144e-01 1.343280704669230363e+04
1.118088586511511995e-01 1.352152906720368810e+04
1.138471364241659955e-01 1.343376936504083460e+04
1.158854141971807361e-01 1.340353410869816253e+04
1.179236919701954767e-01 1.346285766739825340e+04
1.199619697432102172e-01 1.339883972865380201e+04
1.220002475162249578e-01 1.336286406715055273e+04
1.240385252892396983e-01 1.333142988709930250e+04
1.260768030622544389e-01 1.344012183270634523e+04
1.281150808352691794e-01 1.353066844675090397e+04
1.301533586082839200e-01 1.351623311459241813e+04
1.321916363812987161e-01 1.343485482561385652e+04
1.342299141543134566e-01 1.333505856550992212e+04
1.362681919273281972e-01 1.315011920226075927e+04
1.383064697003429377e-01 1.325970478318203823e+04
1.403447474733576783e-01 1.321704731288800758e+04
1.423830252463724189e-01 1.296527665111789429e+04
1.444213030193871594e-01 1.282352480274344089e+04
1.464595807924019000e-01 1.309790320490673002e+04
1.484978585654166405e-01 1.306192753277220254e+04
1.505361363384313811e-01 1.299508144691862071e+04
1.525744141114461216e-01 1.286906995619537884e+04
1.546126918844608622e-01 1.296615827128114870e+04
1.566509696574756028e-01 1.292404174965898892e+04
1.586892474304903988e-01 1.266692821504842141e+04
1.607275252035051394e-01 1.292230796956905760e+04
1.627658029765198799e-01 1.288872897824528809e+04
1.648040807495346205e-01 1.278339533198177742e+04
1.668423585225493611e-01 1.265205570645325861e+04
1.688806362955641016e-01 1.285022947002607907e+04
1.709189140685788422e-01 1.267760186293980223e+04
1.729571918415935827e-01 1.277287119670844550e+04
1.749954696146083233e-01 1.273945345505483601e+04
1.770337473876230638e-01 1.260471019505377990e+04
1.790720251606378044e-01 1.258445165423494836e+04
1.811103029336525450e-01 1.253225316748656041e+04
1.831485807066673410e-01 1.228564453002059054e+04
1.851868584796820816e-01 1.225532856727715989e+04
1.872251362526968221e-01 1.206102845664997585e+04
1.892634140257115627e-01 1.228568001339102193e+04
1.913016917987263033e-01 1.240633339133135632e+04
1.933399695717410438e-01 1.232472040238919180e+04
1.953782473447557844e-01 1.235109306287491017e+04
1.974165251177705249e-01 1.228377024687183984e+04
1.994548028907852655e-01 1.235756157560607426e+04
2.014930806638000060e-01 1.238975716258667853e+04
2.035313584368147466e-01 1.215505005495963815e+04
2.055696362098294872e-01 1.194939158952431353e+04
2.076079139828442277e-01 1.222829737139082681e+04
2.096461917558590238e-01 1.185388626177218248e+04
2.116844695288737643e-01 1.181585370768193025e+04
2.137227473018885049e-01 1.192253732754971861e+04
2.157610250749032454e-01 1.186633305443615245e+04
2.177993028479179860e-01 1.189679866198290620e+04
2.198375806209327266e-01 1.179671003344044220e+04
2.218758583939474671e-01 1.183487342378920403e+04
2.239141361669622077e-01 1.152977876800514423e+04
2.259524139399769482e-01 1.167988155289719361e+04
2.279906917129916888e-01 1.153225304709239572e+04
2.300289694860064293e-01 1.124931898525813631e+04
2.320672472590211699e-01 1.162163519966890453e+04
2.341055250320359105e-01 1.160372350721741350e+04
2.361438028050507065e-01 1.161387456607640343e+04
2.381820805780654471e-01 1.164247412285519204e+04
2.402203583510801876e-01 1.170654900088327122e+04
2.422586361240949282e-01 1.150737103178007237e+04
2.442969138971096688e-01 1.140520680392768554e+04
2.463351916701244093e-01 1.148658714687181964e+04
2.483734694431391499e-01 1.157389099366914888e+04
2.504117472161538904e-01 1.118796010590246806e+04
2.524500249891686310e-01 1.151869383327056858e+04
2.544883027621833715e-01 1.119299103061667120e+04
2.565265805351981121e-01 1.139775870274138651e+04
2.585648583082128527e-01 1.138976520059690665e+04
2.606031360812275932e-01 1.132901632995964610e+04
2.626414138542423893e-01 1.146762742326873558e+04
2.646796916272571298e-01 1.131183737410148024e+04
2.667179694002718704e-01 1.128487042011409540e+04
2.687562471732866110e-01 1.109144449309834636e+04
2.707945249463013515e-01 1.125626354836391329e+04
2.728328027193160921e-01 1.125790469788489281e+04
2.748710804923308326e-01 1.140728312909517263e+04
2.769093582653455732e-01 1.142051600078876436e+04
2.789476360383603137e-01 1.111849466787002348e+04
2.809859138113750543e-01 1.108064558247841887e+04
2.830241915843897949e-01 1.109672929290499815e+04
2.850624693574045354e-01 1.103964730902452357e+04
2.871007471304193315e-01 1.104342619970195665e+04
2.891390249034340720e-01 1.094150259613874368e+04
2.911773026764488126e-01 1.098616819140573898e+04
2.932155804494635531e-01 1.090498343745536476e+04
2.952538582224782937e-01 1.091966668014690367e+04
2.972921359954930343e-01 1.103663297669766507e+04
2.993304137685077748e-01 1.090568522866189960e+04
3.013686915415225154e-01 1.065433335648295906e+04
3.034069693145372559e-01 1.098553919867550940e+04
3.054452470875519965e-01 1.076171561048130388e+04
3.074835248605667370e-01 1.073063237283747003e+04
3.095218026335814776e-01 1.076077844487215225e+04
3.115600804065962182e-01 1.082215173749730275e+04
3.135983581796110142e-01 1.082372332756746982e+04
3.156366359526257548e-01 1.086000395517122161e+04
3.176749137256404953e-01 1.081715251620852359e+04
3.197131914986552359e-01 1.081868025345145725e+04
3.217514692716699765e-01 1.061550824703285070e+04
3.237897470446847170e-01 1.071643906702188178e+04
3.258280248176994576e-01 1.072459448654402149e+04
3.278663025907141981e-01 1.077288847546510806e+04
3.299045803637289387e-01 1.065041154245429243e+04
3.319428581367436792e-01 1.069861986943291777e+04
3.339811359097584198e-01 1.069911621495541840e+04
3.360194136827731604e-01 1.052076025352623037e+04
3.380576914557879009e-01 1.060385998397783987e+04
3.400959692288026970e-01 1.074650337211564329e+04
3.421342470018174375e-01 1.052849437639859752e+04
3.441725247748321781e-01 1.058001217127172640e+04
3.462108025478469187e-01 1.055837303130007786e+04
3.482490803208616592e-01 1.059087406960609223e+04
3.502873580938763998e-01 1.073878569825067279e+04
3.523256358668911403e-01 1.058052881536271525e+04
3.543639136399058809e-01 1.061991348661678421e+04
3.564021914129206214e-01 1.051533429668546887e+04
3.584404691859353620e-01 1.060366417324575377e+04
3.604787469589501026e-01 1.055224246482795934e+04
3.625170247319648431e-01 1.052809763069649489e+04
3.645553025049795837e-01 1.020701388922378828e+04
3.665935802779943797e-01 1.039195747990669042e+04
3.686318580510090648e-01 1.031482974703094260e+04
3.706701358240238608e-01 1.053013637870560706e+04
3.727084135970386014e-01 1.053241153871214919e+04
3.747466913700533420e-01 1.047947026535818077e+04
3.767849691430680825e-01 1.044041919653648074e+04
3.788232469160828231e-01 1.035965226552044987e+04
3.808615246890975636e-01 1.038171635008345038e+04
3.828998024621123042e-01 1.032872489407453941e+04
3.849380802351270447e-01 1.035716493146414541e+04
3.869763580081417853e-01 1.030393536134418900e+04
3.890146357811565814e-01 1.038695144908357543e+04
3.910529135541712664e-01 1.046144056230981550e+04
3.930911913271860625e-01 1.048832342465903639e+04
3.951294691002007475e-01 1.041099629496071793e+04
3.971677468732155436e-01 1.033365510106323200e+04
3.992060246462302842e-01 1.041404547043107232e+04
4.012443024192450247e-01 1.031490264643846058e+04
4.032825801922597653e-01 1.034745442021411691e+04
4.053208579652745058e-01 1.024737379051480821e+04
4.073591357382892464e-01 1.029324567394065889e+04
4.093974135113039869e-01 1.002470986603066558e+04
4.114356912843187830e-01 1.031511968504547076e+04
4.134739690573334681e-01 1.030825056457123901e+04
4.155122468303482641e-01 1.030073060173072190e+04
4.175505246033629492e-01 1.038240832867052086e+04
4.195888023763777452e-01 1.021292214377419441e+04
4.216270801493924303e-01 1.041899354191252496e+04
4.236653579224072264e-01 1.035543132247466747e+04
4.257036356954219669e-01 1.037137446845848717e+04
4.277419134684367075e-01 1.024230310116921828e+04
4.297801912414514480e-01 1.031371730893215681e+04
4.318184690144661886e-01 1.021055175488880377e+04
4.338567467874809291e-01 1.018353292379938284e+04
4.358950245604956697e-01 1.025271849466630192e+04
4.379333023335104658e-01 1.018239486734008096e+04
4.399715801065251508e-01 1.021172840808071305e+04
4.420098578795399469e-01 1.024772707679224914e+04
4.440481356525546319e-01 1.019681375973088507e+04
4.460864134255694280e-01 1.013388944781861210e+04
4.481246911985841130e-01 1.031677828910577591e+04
4.501629689715989091e-01 1.018213160439431886e+04
4.522012467446136497e-01 1.021120710869910727e+04
4.542395245176283902e-01 1.019535117934829941e+04
4.562778022906431308e-01 1.016122307990823901e+04
4.583160800636578713e-01 9.998263187813270633e+03
4.603543578366726119e-01 1.005108305063368607e+04
4.623926356096873524e-01 1.014816164594110887e+04
4.644309133827021485e-01 1.020627360257972032e+04
4.664691911557168336e-01 1.025605512781306243e+04
4.685074689287316296e-01 1.015092299478143286e+04
4.705457467017463147e-01 9.993914044500490490e+03
4.725840244747611107e-01 1.001832426139223571e+04
4.746223022477757958e-01 1.015707158459636412e+04
4.766605800207905919e-01 9.899869539627088670e+03
4.786988577938053324e-01 9.985998092920988711e+03
4.807371355668200730e-01 9.931672075525591936e+03
4.827754133398348135e-01 1.000802161791578874e+04
4.848136911128495541e-01 1.013185711525342049e+04
4.868519688858642946e-01 9.996338990186170122e+03
4.888902466588790352e-01 1.007125379901928864e+04
4.909285244318937758e-01 9.951876795473872335e+03
4.929668022049085163e-01 9.951594226893241284e+03
4.950050799779233124e-01 1.003547054287348510e+04
4.970433577509379974e-01 1.009847568687410967e+04
4.990816355239527935e-01 1.012378227484998934e+04
5.011199132969674785e-01 9.934864809686556328e+03
5.031581910699822746e-01 9.907636350041635524e+03
5.051964688429969597e-01 9.886846669582990216e+03
5.072347466160117557e-01 9.892637758031118210e+03
5.092730243890264408e-01 9.961398131871976148e+03
5.113113021620412368e-01 9.689685670473161736e+03
5.133495799350560329e-01 9.883570751631579697e+03
5.153878577080707180e-01 9.807992798864614088e+03
5.174261354810855140e-01 9.843115470652301155e+03
5.194644132541001991e-01 9.757221069704650290e+03
5.215026910271149951e-01 9.839592485253264385e+03
5.235409688001296802e-01 9.788588946955982465e+03
5.255792465731444763e-01 9.812270966675405361e+03
5.276175243461591613e-01 9.729346253845535102e+03
5.296558021191739574e-01 9.708364156957562955e+03
5.316940798921887534e-01 9.700999189313663010e+03
5.337323576652034385e-01 9.699601677101110909e+03
5.357706354382181235e-01 9.778853959393203695e+03
5.378089132112329196e-01 9.850958662077933695e+03
5.398471909842477157e-01 9.781212665813398417e+03
5.418854687572624007e-01 9.882313052497411263e+03
5.439237465302771968e-01 9.796778056737655788e+03
5.459620243032918818e-01 9.727196992250794210e+03
5.480003020763066779e-01 9.780560139032906591e+03
5.500385798493213629e-01 9.839586326653803553e+03
5.520768576223361590e-01 9.782685605097252846e+03
5.541151353953508440e-01 9.758851715529919602e+03
5.561534131683656401e-01 9.852846050067182659e+03
5.581916909413803252e-01 9.796917883858774076e+03
5.602299687143951212e-01 9.787338455104676541e+03
5.622682464874098063e-01 9.944063166547097353e+03
5.643065242604246023e-01 9.787766248847910902e+03
5.663448020334393984e-01 9.725131692573175314e+03
5.683830798064540835e-01 9.774684900729849687e+03
5.704213575794688795e-01 9.793171134039926983e+03
5.724596353524835646e-01 9.799625638581306703e+03
5.744979131254983606e-01 9.795007579392393382e+03
5.765361908985130457e-01 9.803353173860217794e+03
5.785744686715278418e-01 9.659729609070484003e+03
5.806127464445425268e-01 9.682511385656305720e+03
5.826510242175573229e-01 9.650071642934455667e+03
5.846893019905720079e-01 9.685076856438408868e+03
5.867275797635868040e-01 9.425526473133188119e+03
5.887658575366016001e-01 9.598377224127567388e+03
5.908041353096162851e-01 9.412562907631123380e+03
5.928424130826310812e-01 9.666371911132915557e+03
5.948806908556457662e-01 9.534001280477232285e+03
5.969189686286605623e-01 9.636665706780229812e+03
5.989572464016752473e-01 9.586177746726516489e+03
6.009955241746900434e-01 9.609477777409323608e+03
6.030338019477047284e-01 9.555208206796432933e+03
6.050720797207195245e-01 9.608060752337793019e+03
6.071103574937342096e-01 9.525782594475967926e+03
6.091486352667490056e-01 9.535877980698152896e+03
6.111869130397636907e-01 9.414232354668927655e+03
6.132251908127784867e-01 9.560802773545728996e+03
