4.971244868129833308e-03 1.070214639705548507e+03
7.005502069215019390e-03 6.560828839163500561e+03
9.039759270300096183e-03 1.085835005469760290e+04
1.107401647138517298e-02 1.626906197085036547e+04
1.310827367247036079e-02 2.245391438347962321e+04
1.514253087355543759e-02 2.935025213216630800e+04
1.717678807464051438e-02 3.920719766378447093e+04
1.921104527572570220e-02 4.413742850881243794e+04
2.124530247681077899e-02 2.897213206759940658e+04
2.327955967789585578e-02 2.470304534932746174e+04
2.531381687898104360e-02 2.278426447995998751e+04
2.734807408006612039e-02 2.205852554161270746e+04
2.938233128115119719e-02 2.158406503507500383e+04
3.141658848223638500e-02 2.080596014288950755e+04
3.345084568332146180e-02 2.046057304276847935e+04
3.548510288440653859e-02 2.036130873568213065e+04
3.751936008549161539e-02 2.031283427342099822e+04
3.955361728657680320e-02 2.003420428370563604e+04
4.158787448766188000e-02 1.990599619858791266e+04
4.362213168874695679e-02 1.986699508453057206e+04
4.565638888983214461e-02 1.992747074790760234e+04
4.769064609091722140e-02 1.975520487241061346e+04
4.972490329200229819e-02 1.963796478540362295e+04
5.175916049308748601e-02 1.955769185704108168e+04
5.379341769417256280e-02 1.981611004953600423e+04
5.582767489525763960e-02 1.974307091064549604e+04
5.786193209634282741e-02 1.941324501857996802e+04
5.989618929742790421e-02 1.931934374604634650e+04
6.193044649851298100e-02 1.911842306865922001e+04
6.396470369959816882e-02 1.907275894809866077e+04
6.599896090068324561e-02 1.898400020019866861e+04
6.803321810176832241e-02 1.898899167481282711e+04
7.006747530285351022e-02 1.902007536109451758e+04
7.210173250393858702e-02 1.901070072231063750e+04
7.413598970502366381e-02 1.905896749884592282e+04
7.617024690610874060e-02 1.874388932557515363e+04
7.820450410719392842e-02 1.870016000683843231e+04
8.023876130827900521e-02 1.867292795788444710e+04
8.227301850936408201e-02 1.861870853821960918e+04
8.430727571044926982e-02 1.847864255903812591e+04
8.634153291153434662e-02 1.853175360869291035e+04
8.837579011261942341e-02 1.834151537061887575e+04
9.041004731370461123e-02 1.817010482830409092e+04
9.244430451478968802e-02 1.824641707297195535e+04
9.447856171587476481e-02 1.801729863052093788e+04
9.651281891695995263e-02 1.800594773672230076e+04
9.854707611804502942e-02 1.805698392047906964e+04
1.005813333191301062e-01 1.807827218723215992e+04
1.026155905202152940e-01 1.794757370734120195e+04
1.046498477213003708e-01 1.798707425931499165e+04
1.066841049223854476e-01 1.784066527469185530e+04
1.087183621234706354e-01 1.773087327942169213e+04
1.107526193245557122e-01 1.749717142077913377e+04
1.127868765256407890e-01 1.751332315372639641e+04
1.148211337267259213e-01 1.762930874178015438e+04
1.168553909278110536e-01 1.736179997226654814e+04
1.188896481288961304e-01 1.726216291146956792e+04
1.209239053299812627e-01 1.731236288344481363e+04
1.229581625310663395e-01 1.730647766164369023e+04
1.249924197321514718e-01 1.714431332044824376e+04
1.270266769332366041e-01 1.728313265182909527e+04
1.290609341343216809e-01 1.737207846737062209e+04
1.310951913354068132e-01 1.706994566865992238e+04
1.331294485364919455e-01 1.704715324838938977e+04
1.351637057375770223e-01 1.679641987998384866e+04
1.371979629386621546e-01 1.691035850819919870e+04
1.392322201397472869e-01 1.673114209146614667e+04
1.412664773408323637e-01 1.652692015548474592e+04
1.433007345419174960e-01 1.616523356955786949e+04
1.453349917430025728e-01 1.631171779903549759e+04
1.473692489440877051e-01 1.643878730874981920e+04
1.494035061451728374e-01 1.633248581898217526e+04
1.514377633462579142e-01 1.623230347758931202e+04
1.534720205473430465e-01 1.642764743576496403e+04
1.555062777484281789e-01 1.613275300920356676e+04
1.575405349495132556e-01 1.612425237987992659e+04
1.595747921505983880e-01 1.593754545498196239e+04
1.616090493516835203e-01 1.572871779289908227e+04
1.636433065527685971e-01 1.576074814396808870e+04
1.656775637538537294e-01 1.572928768862935613e+04
1.677118209549388061e-01 1.549781977466189346e+04
1.697460781560239385e-01 1.554176314352914414e+04
1.717803353571090708e-01 1.550121026783936031e+04
1.738145925581941476e-01 1.520039393590967666e+04
1.758488497592792799e-01 1.537185229361553866e+04
1.778831069603644122e-01 1.541115604762442126e+04
1.799173641614494890e-01 1.524855509550187708e+04
1.819516213625346213e-01 1.510709891164822511e+04
1.839858785636196981e-01 1.496064739255860513e+04
1.860201357647048304e-01 1.477432855001578719e+04
1.880543929657899627e-01 1.467243104671429319e+04
1.900886501668750395e-01 1.496451723294874137e+04
1.921229073679601718e-01 1.475709259579789432e+04
1.941571645690453041e-01 1.482938517834613594e+04
1.961914217701303809e-01 1.460578379489226427e+04
1.982256789712155132e-01 1.450213285126853589e+04
2.002599361723006455e-01 1.435451337634113952e+04
2.022941933733857223e-01 1.460582222895025552e+04
2.043284505744708546e-01 1.440718385149235837e+04
2.063627077755559314e-01 1.420258300945454357e+04
2.083969649766410637e-01 1.413676175449664333e+04
2.104312221777261960e-01 1.393690579652326414e+04
2.124654793788112728e-01 1.411790977060332079e+04
2.144997365798964051e-01 1.383013928920148101e+04
2.165339937809815374e-01 1.369212655403514145e+04
2.185682509820666142e-01 1.355187243682580447e+04
2.206025081831517465e-01 1.331978915611354569e+04
2.226367653842368233e-01 1.272151417151048008e+04
2.246710225853219556e-01 1.348894756277244960e+04
2.267052797864070879e-01 1.317865048914028557e+04
2.287395369874921647e-01 1.325999467863208702e+04
2.307737941885772970e-01 1.349582430122074766e+04
2.328080513896624293e-01 1.334091193171121631e+04
2.348423085907475061e-01 1.326108355977885003e+04
2.368765657918326384e-01 1.313869998797495646e+04
2.389108229929177707e-01 1.331309456961726755e+04
2.409450801940028475e-01 1.296146147163280875e+04
2.429793373950879798e-01 1.314976954814698911e+04
2.450135945961730566e-01 1.311893771799565911e+04
2.470478517972581889e-01 1.292177117297602308e+04
2.490821089983433212e-01 1.265811168713250663e+04
2.511163661994283980e-01 1.285762698700692272e+04
2.531506234005135303e-01 1.268886665367453134e+04
2.551848806015986626e-01 1.270620600780883797e+04
2.572191378026837394e-01 1.263998625327725131e+04
2.592533950037688717e-01 1.263355488219080507e+04
2.612876522048540040e-01 1.265650749871666449e+04
2.633219094059390808e-01 1.252055852651405985e+04
2.653561666070242131e-01 1.253040531688347619e+04
2.673904238081092899e-01 1.246637280359241413e+04
2.694246810091944222e-01 1.236739399407974270e+04
2.714589382102795545e-01 1.234678085953385380e+04
2.734931954113646313e-01 1.226299868213049922e+04
2.755274526124497636e-01 1.247680832777993055e+04
2.775617098135348959e-01 1.242028087267946103e+04
2.795959670146199727e-01 1.204200738605449078e+04
2.816302242157051050e-01 1.206828604672827532e+04
2.836644814167901818e-01 1.218625582717932230e+04
2.856987386178753141e-01 1.189430997780066537e+04
2.877329958189604464e-01 1.197068697058714679e+04
2.897672530200455232e-01 1.186815204177027408e+04
2.918015102211306555e-01 1.182287449908097733e+04
2.938357674222157878e-01 1.171798344876319243e+04
2.958700246233008646e-01 1.175513701533902713e+04
2.979042818243859969e-01 1.172282007534755394e+04
2.999385390254711292e-01 1.154594976203265287e+04
3.019727962265562060e-01 1.147978183058003015e+04
3.040070534276413383e-01 1.152244084200091493e+04
3.060413106287264151e-01 1.153417786521043672e+04
3.080755678298115474e-01 1.152703425649834571e+04
3.101098250308966797e-01 1.138497654233816502e+04
3.121440822319817565e-01 1.121517957801422017e+04
3.141783394330668888e-01 1.139920752561392328e+04
3.162125966341520211e-01 1.129304153056239920e+04
3.182468538352370979e-01 1.131158515514426108e+04
3.202811110363222302e-01 1.133456598840881634e+04
3.223153682374073625e-01 1.114769242186054362e+04
3.243496254384924393e-01 1.109594354945049054e+04
3.263838826395775716e-01 1.109355765402173529e+04
3.284181398406626484e-01 1.127161557832378094e+04
3.304523970417477807e-01 1.090972121731007610e+04
3.324866542428329130e-01 1.121147986238860540e+04
3.345209114439179898e-01 1.114966411741359298e+04
3.365551686450031221e-01 1.123511771267062431e+04
3.385894258460882544e-01 1.121580486820442093e+04
3.406236830471733312e-01 1.100239973240217114e+04
3.426579402482584635e-01 1.101140137601164315e+04
3.446921974493435403e-01 1.101495303516601780e+04
3.467264546504286726e-01 1.097756893942614806e+04
3.487607118515138049e-01 1.116931045775311213e+04
3.507949690525988817e-01 1.114181415396235934e+04
3.528292262536840140e-01 1.084097615350136766e+04
3.548634834547691463e-01 1.076976055062306841e+04
3.568977406558542231e-01 1.068557801921119244e+04
3.589319978569393554e-01 1.068341019782466901e+04
3.609662550580244877e-01 1.086364721685758923e+04
3.630005122591095645e-01 1.083522064115438116e+04
3.650347694601946968e-01 1.059312880841022707e+04
3.670690266612798291e-01 1.069341112737861295e+04
3.691032838623649059e-01 1.037067038176894494e+04
3.711375410634499827e-01 1.071539302847960789e+04
3.731717982645351706e-01 1.058828375578686246e+04
3.752060554656202473e-01 1.057794247172713949e+04
3.772403126667053241e-01 1.044136897115564352e+04
3.792745698677904564e-01 1.066558135368766671e+04
3.813088270688755888e-01 1.058292604661050427e+04
3.833430842699606655e-01 1.068928270120686648e+04
3.853773414710457978e-01 1.046608622932506114e+04
3.874115986721309302e-01 1.048549232002047938e+04
3.894458558732160069e-01 1.047281483400870638e+04
3.914801130743011393e-01 1.054955698949946600e+04
3.935143702753862716e-01 1.050418214886552596e+04
3.955486274764713484e-01 1.066683719859584744e+04
3.975828846775564807e-01 1.038210304222402738e+04
3.996171418786416130e-01 1.035565692986067188e+04
4.016513990797266898e-01 1.042111795980896204e+04
4.036856562808118221e-01 1.033915570163443408e+04
4.057199134818969544e-01 1.037655500213768028e+04
4.077541706829820312e-01 1.040088459294550194e+04
4.097884278840671080e-01 1.044459118385322290e+04
4.118226850851522958e-01 1.034471425826406630e+04
4.138569422862373726e-01 1.053084639234212955e+04
4.158911994873224494e-01 1.055977828876415151e+04
4.179254566884075817e-01 1.037050059368983602e+04
4.199597138894927140e-01 1.046722822759224618e+04
4.219939710905777908e-01 1.038595994191619866e+04
4.240282282916629231e-01 1.053534836980209366e+04
4.260624854927480554e-01 1.046534644842437774e+04
4.280967426938331322e-01 1.017711248052259907e+04
4.301309998949182645e-01 1.026250210825373870e+04
4.321652570960033968e-01 1.023168390132223249e+04
4.341995142970884736e-01 1.015284946225032763e+04
4.362337714981736059e-01 1.032483412050340121e+04
4.382680286992587382e-01 1.011019229849813200e+04
4.403022859003438150e-01 1.021448348269546477e+04
4.423365431014289473e-01 1.037334619359318640e+04
4.443708003025140796e-01 1.014974552048812802e+04
4.464050575035991564e-01 1.012867590882433069e+04
4.484393147046842332e-01 1.010825376325555226e+04
4.504735719057694210e-01 1.014928612943448024e+04
4.525078291068544978e-01 1.020959831446060707e+04
4.545420863079395746e-01 1.023206141336423025e+04
4.565763435090247624e-01 1.007846788435875533e+04
4.586106007101098392e-01 1.021483631254045940e+04
4.606448579111949160e-01 1.025072293447469201e+04
4.626791151122800483e-01 1.028031960441722367e+04
4.647133723133651806e-01 1.014337030069077991e+04
4.667476295144502574e-01 1.016229356408091007e+04
4.687818867155353897e-01 1.003929605860619631e+04
4.708161439166205220e-01 1.009969494733316606e+04
4.728504011177055988e-01 1.025099169470521883e+04
4.748846583187907311e-01 1.009531768710415236e+04
4.769189155198758634e-01 9.901650205470021319e+03
4.789531727209609402e-01 9.829555849108342954e+03
4.809874299220460725e-01 9.884884406960356500e+03
4.830216871231312048e-01 1.000000838067344193e+04
4.850559443242162816e-01 9.916563778983923839e+03
4.870902015253014139e-01 9.949076172088756721e+03
4.891244587263865462e-01 1.005238589525011230e+04
4.911587159274716230e-01 1.003360579733638951e+04
4.931929731285567553e-01 9.919726757393924345e+03
4.952272303296418321e-01 9.826132591287516334e+03
4.972614875307269644e-01 1.012474276893293973e+04
4.992957447318120412e-01 1.017422195083665611e+04
5.013300019328972290e-01 9.976063788072677198e+03
5.033642591339823058e-01 9.996161799275650992e+03
5.053985163350673826e-01 9.921562386082558078e+03
5.074327735361525704e-01 9.893252999732005264e+03
5.094670307372376472e-01 9.922085373695093949e+03
5.115012879383227240e-01 9.745875421466927946e+03
5.135355451394079118e-01 9.778300850860343417e+03
5.155698023404929886e-01 9.855648008303873212e+03
5.176040595415780654e-01 9.618848082322860137e+03
5.196383167426632532e-01 9.881782748939465819e+03
5.216725739437483300e-01 9.747729720341034408e+03
5.237068311448334068e-01 9.695101751101019545e+03
5.257410883459184836e-01 9.781967646230954415e+03
5.277753455470036714e-01 9.660538575851576752e+03
5.298096027480887482e-01 9.709282683560893929e+03
5.318438599491738250e-01 9.756499325542834413e+03
5.338781171502590128e-01 9.741095507345497026e+03
5.359123743513440896e-01 9.724348029203440092e+03
5.379466315524291664e-01 9.786704711026904988e+03
5.399808887535143542e-01 9.809763170730950151e+03
5.420151459545994310e-01 9.756136065715320001e+03
5.440494031556845078e-01 9.755524747990431933e+03
5.460836603567695846e-01 9.803667273696421034e+03
5.481179175578547724e-01 9.748753760035411688e+03
5.501521747589398492e-01 9.579255271796633679e+03
5.521864319600249260e-01 9.662436627816357941e+03
5.542206891611101138e-01 9.694950213130270640e+03
5.562549463621951906e-01 9.606035953970598712e+03
5.582892035632802674e-01 9.620943370722163309e+03
5.603234607643654552e-01 9.691580619733444109e+03
5.623577179654505320e-01 9.514668514007928025e+03
5.643919751665356088e-01 9.569669483593963378e+03
5.664262323676207966e-01 9.677961536375611104e+03
5.684604895687058734e-01 9.779643916096634712e+03
5.704947467697909502e-01 9.830563966651849114e+03
5.725290039708761380e-01 9.776075537426404480e+03
5.745632611719612148e-01 9.508929700226493878e+03
5.765975183730462916e-01 9.625971669403155829e+03
5.786317755741314794e-01 9.487164651629329455e+03
5.806660327752165562e-01 9.585997157382164005e+03
5.827002899763016330e-01 9.563383964669235866e+03
5.847345471773868208e-01 9.407235573386942633e+03
5.867688043784718976e-01 9.517659021477931674e+03
5.888030615795569744e-01 9.407916123926455839e+03
5.908373187806421623e-01 9.272936976178511031e+03
5.928715759817272390e-01 9.546576129175362439e+03
5.949058331828123158e-01 9.367536063753846975e+03
5.969400903838973926e-01 9.513134829294298470e+03
5.989743475849825805e-01 9.352265539210649877e+03
6.010086047860676572e-01 9.445298078900354085e+03
6.030428619871527340e-01 9.427115305394330790e+03
6.050771191882379219e-01 9.430757161451962020e+03
6.071113763893229986e-01 9.363722375929253758e+03
6.091456335904080754e-01 9.366702367478641463e+03
6.111798907914932633e-01 9.500543553347868510e+03
6.132141479925783401e-01 9.367958085091921021e+03
