1.267500925001572964e+00 2.019675423393067467e+04
1.269557952154990232e+00 1.988736491359563661e+04
1.271614979308407500e+00 1.985632504536495253e+04
1.273672006461824768e+00 1.975948064804041132e+04
1.275729033615242258e+00 1.978797702587582899e+04
1.277786060768659526e+00 1.971612773629865842e+04
1.279843087922076794e+00 1.964848910727273324e+04
1.281900115075494062e+00 1.975426913136432267e+04
1.283957142228911330e+00 1.966581500709878310e+04
1.286014169382328598e+00 1.952128386655222494e+04
1.288071196535745866e+00 1.965580026176532920e+04
1.290128223689163356e+00 1.946348006462541161e+04
1.292185250842580624e+00 1.946654433221314321e+04
1.294242277995997892e+00 1.952296286348160356e+04
1.296299305149415160e+00 1.919375482821278274e+04
1.298356332302832428e+00 1.917418496100529592e+04
1.300413359456249696e+00 1.924251203462705598e+04
1.302470386609666964e+00 1.932398928662730032e+04
1.304527413763084231e+00 1.920870979848081697e+04
1.306584440916501499e+00 1.907419353719122228e+04
1.308641468069918989e+00 1.908156401053754962e+04
1.310698495223336257e+00 1.892662899633077177e+04
1.312755522376753525e+00 1.910200521183941964e+04
1.314812549530170793e+00 1.899633304517829310e+04
1.316869576683588061e+00 1.904207867015495503e+04
1.318926603837005329e+00 1.909814974990746123e+04
1.320983630990422597e+00 1.884545841753485001e+04
1.323040658143840087e+00 1.870509474955309270e+04
1.325097685297257355e+00 1.894681519488200865e+04
1.327154712450674623e+00 1.861843332164921594e+04
1.329211739604091891e+00 1.870733127918147875e+04
1.331268766757509159e+00 1.889537651650912085e+04
1.333325793910926427e+00 1.882817239779738156e+04
1.335382821064343695e+00 1.873355572541538277e+04
1.337439848217761185e+00 1.885778144372029055e+04
1.339496875371178453e+00 1.866519222378806080e+04
1.341553902524595721e+00 1.833499609831390990e+04
1.343610929678012988e+00 1.840691670978265029e+04
1.345667956831430256e+00 1.842985809371844516e+04
1.347724983984847524e+00 1.844053336528720683e+04
1.349782011138264792e+00 1.852289819833722868e+04
1.351839038291682282e+00 1.848507020230061971e+04
1.353896065445099550e+00 1.837520955513023364e+04
1.355953092598516818e+00 1.834145318790621968e+04
1.358010119751934086e+00 1.821123098881130136e+04
1.360067146905351354e+00 1.819528048980504900e+04
1.362124174058768622e+00 1.810840833620916965e+04
1.364181201212185890e+00 1.800927922251405835e+04
1.366238228365603158e+00 1.806981790679395272e+04
1.368295255519020426e+00 1.824749746701265394e+04
1.370352282672437916e+00 1.824170422111158405e+04
1.372409309825855184e+00 1.823456613340687909e+04
1.374466336979272452e+00 1.822881525779478397e+04
1.376523364132689720e+00 1.814536324926459929e+04
1.378580391286106988e+00 1.825632898864818708e+04
1.380637418439524255e+00 1.876951151545746688e+04
1.382694445592941523e+00 1.892848270653023792e+04
1.384751472746359013e+00 1.884455557042817236e+04
1.386808499899776281e+00 1.847466392544010887e+04
1.388865527053193549e+00 1.861057928632071344e+04
1.390922554206610817e+00 1.860823786737154296e+04
1.392979581360028085e+00 1.860148689167471457e+04
1.395036608513445353e+00 1.861546563851826795e+04
1.397093635666862621e+00 1.853999231212305313e+04
1.399150662820280111e+00 1.843658240713818304e+04
1.401207689973697379e+00 1.841116683236390236e+04
1.403264717127114647e+00 1.882634787071967730e+04
1.405321744280531915e+00 1.864916141113675258e+04
1.407378771433949183e+00 1.882604772121854694e+04
1.409435798587366451e+00 1.883708736830902126e+04
1.411492825740783719e+00 1.877981583585745102e+04
1.413549852894200987e+00 1.891534837339532532e+04
1.415606880047618255e+00 1.888572126619556366e+04
1.417663907201035745e+00 1.890433818197122309e+04
1.419720934354453012e+00 1.896278257565890453e+04
1.421777961507870280e+00 1.921606408787509281e+04
1.423834988661287548e+00 1.905922364440534147e+04
1.425892015814704816e+00 1.913264177557532821e+04
1.427949042968122084e+00 1.941733324987463857e+04
1.430006070121539352e+00 1.940546841944625339e+04
1.432063097274956842e+00 1.935914690060107023e+04
1.434120124428374110e+00 1.959935836957274296e+04
1.436177151581791378e+00 1.975148511071504981e+04
1.438234178735208646e+00 1.999880135372440418e+04
1.440291205888625914e+00 2.022500939046854182e+04
1.442348233042043182e+00 2.048332268816843862e+04
1.444405260195460450e+00 2.081047458611215552e+04
1.446462287348877718e+00 2.094772179381919705e+04
1.448519314502295208e+00 2.141981425947661774e+04
1.450576341655712476e+00 2.209542704537474128e+04
1.452633368809129744e+00 2.274962142618467988e+04
1.454690395962547012e+00 2.328704052582662189e+04
1.456747423115964279e+00 2.404075983661955615e+04
1.458804450269381547e+00 2.473927190066919866e+04
1.460861477422798815e+00 2.579209099927864736e+04
1.462918504576216083e+00 2.689596896610737895e+04
1.464975531729633573e+00 2.809380603027400866e+04
1.467032558883050841e+00 2.918927395920585695e+04
1.469089586036468109e+00 3.040711130116479762e+04
1.471146613189885377e+00 3.130538980623100724e+04
1.473203640343302645e+00 3.218815510389369592e+04
1.475260667496719913e+00 3.308574095458402735e+04
1.477317694650137181e+00 3.354392194013072731e+04
1.479374721803554671e+00 3.422084726097210660e+04
1.481431748956971939e+00 3.437312923748551839e+04
1.483488776110389207e+00 3.439202295753218641e+04
1.485545803263806475e+00 3.459150171841486008e+04
1.487602830417223743e+00 3.463220997302272735e+04
1.489659857570641011e+00 3.455561679807489418e+04
1.491716884724058279e+00 3.485405251097186556e+04
1.493773911877475546e+00 3.427645270376180997e+04
1.495830939030893036e+00 3.381597240598931967e+04
1.497887966184310304e+00 3.407349193966075109e+04
1.499944993337727572e+00 3.358586137615222106e+04
1.502002020491144840e+00 3.375609815499914839e+04
1.504059047644562108e+00 3.369661073781669984e+04
1.506116074797979376e+00 3.361491820785947493e+04
1.508173101951396644e+00 3.384954870367627882e+04
1.510230129104813912e+00 3.365968452125063050e+04
1.512287156258231402e+00 3.376240172670361790e+04
1.514344183411648670e+00 3.364131976273198234e+04
1.516401210565065938e+00 3.368327580415809643e+04
1.518458237718483206e+00 3.335741380025398394e+04
1.520515264871900474e+00 3.337516807932185475e+04
1.522572292025317742e+00 3.316265871976318886e+04
1.524629319178735010e+00 3.284066589685088547e+04
1.526686346332152500e+00 3.271292818158878799e+04
1.528743373485569768e+00 3.239364003219300139e+04
1.530800400638987036e+00 3.223623592352951891e+04
1.532857427792404303e+00 3.176578159877041617e+04
1.534914454945821571e+00 3.156656099331849691e+04
1.536971482099238839e+00 3.124949006341218046e+04
1.539028509252656107e+00 3.078597614713888470e+04
1.541085536406073375e+00 3.050697211276400049e+04
1.543142563559490865e+00 2.985700353845270001e+04
1.545199590712908133e+00 2.976716751411524820e+04
1.547256617866325401e+00 2.953030632515806428e+04
1.549313645019742669e+00 3.078577365241612642e+04
