3.780136681369740057e-03 2.449846415847330718e+03
5.818525251902295636e-03 5.458390856429634368e+03
7.856913822434696826e-03 8.207570239436099655e+03
9.895302392967209038e-03 1.049593144948715599e+04
1.193369096349961023e-02 1.432926196762608379e+04
1.397207953403212244e-02 1.914633236587650026e+04
1.601046810456452363e-02 2.289798909459695642e+04
1.804885667509703584e-02 2.655438897716005886e+04
2.008724524562954805e-02 1.838889363824280736e+04
2.212563381616194924e-02 1.454566422550929201e+04
2.416402238669446145e-02 1.344798870668556810e+04
2.620241095722686264e-02 1.301524735516140936e+04
2.824079952775937485e-02 1.267577428801968017e+04
3.027918809829188707e-02 1.245997978410197538e+04
3.231757666882428826e-02 1.211251320627176392e+04
3.435596523935680047e-02 1.215691124487901470e+04
3.639435380988920166e-02 1.230890817483870342e+04
3.843274238042171387e-02 1.229150558099699629e+04
4.047113095095411506e-02 1.205660428553498059e+04
4.250951952148662727e-02 1.205243736461153276e+04
4.454790809201913948e-02 1.207100435801118147e+04
4.658629666255154067e-02 1.203721873970080560e+04
4.862468523308405288e-02 1.220743381141170721e+04
5.066307380361645407e-02 1.204684490050953536e+04
5.270146237414896628e-02 1.203966878190691750e+04
5.473985094468147850e-02 1.216861119165826130e+04
5.677823951521387968e-02 1.196320749886204430e+04
5.881662808574639190e-02 1.190489270983644747e+04
6.085501665627879309e-02 1.184180367725294127e+04
6.289340522681130530e-02 1.193385187022802893e+04
6.493179379734370649e-02 1.181214478908290403e+04
6.697018236787621870e-02 1.177993299534493053e+04
6.900857093840873091e-02 1.174808235917238198e+04
7.104695950894113210e-02 1.160717762458234210e+04
7.308534807947364431e-02 1.167380173764053507e+04
7.512373665000604550e-02 1.176431354479934271e+04
7.716212522053855771e-02 1.175743274988219127e+04
7.920051379107106992e-02 1.170902843425446008e+04
8.123890236160347111e-02 1.158925489347659641e+04
8.327729093213598333e-02 1.156212367757335596e+04
8.531567950266838452e-02 1.150233851440975559e+04
8.735406807320089673e-02 1.149507598620156568e+04
8.939245664373329792e-02 1.147311840788527843e+04
9.143084521426581013e-02 1.151476249959950292e+04
9.346923378479832234e-02 1.160612474624011338e+04
9.550762235533072353e-02 1.161887731108170556e+04
9.754601092586323574e-02 1.155906051981108794e+04
9.958439949639563693e-02 1.146581592338332302e+04
1.016227880669281491e-01 1.141030355482971027e+04
1.036611766374605503e-01 1.149605634724596894e+04
1.056995652079930625e-01 1.146738561228602339e+04
1.077379537785255748e-01 1.133401434400934704e+04
1.097763423490579759e-01 1.155416478839577394e+04
1.118147309195904882e-01 1.139101687046702864e+04
1.138531194901229449e-01 1.131886968554907071e+04
1.158915080606554016e-01 1.124271039903758719e+04
1.179298966311878583e-01 1.112222604838056759e+04
1.199682852017203150e-01 1.120946009976066125e+04
1.220066737722527717e-01 1.135012983732767680e+04
1.240450623427852839e-01 1.123702900365330970e+04
1.260834509133177406e-01 1.131882871373830130e+04
1.281218394838501973e-01 1.142412879586494819e+04
1.301602280543826540e-01 1.138541810858649296e+04
1.321986166249151107e-01 1.106400329267902998e+04
1.342370051954475674e-01 1.100499324278825225e+04
1.362753937659800796e-01 1.111954759408627979e+04
1.383137823365125363e-01 1.127554451972987044e+04
1.403521709070449930e-01 1.106703248692840862e+04
1.423905594775774497e-01 1.093661296190058238e+04
1.444289480481099064e-01 1.081727208724868979e+04
1.464673366186423631e-01 1.102661718278059743e+04
1.485057251891748753e-01 1.109716291008290682e+04
1.505441137597073320e-01 1.085975227836947124e+04
1.525825023302397887e-01 1.102573975506859824e+04
1.546208909007722454e-01 1.092281550210274327e+04
1.566592794713047021e-01 1.092821859700449568e+04
1.586976680418371588e-01 1.080747222077381230e+04
1.607360566123696710e-01 1.078983547245664704e+04
1.627744451829021277e-01 1.070647141398819076e+04
1.648128337534345844e-01 1.085992205143837418e+04
1.668512223239670411e-01 1.075933589614764423e+04
1.688896108944994978e-01 1.068060183121999216e+04
1.709279994650319545e-01 1.084128510498617652e+04
1.729663880355644667e-01 1.070831895568049367e+04
1.750047766060969234e-01 1.077328380090637620e+04
1.770431651766293801e-01 1.051322047620729791e+04
1.790815537471618368e-01 1.064336345611373872e+04
1.811199423176942935e-01 1.060591253431569021e+04
1.831583308882267502e-01 1.039544178837793515e+04
1.851967194587592624e-01 1.056736408708785530e+04
1.872351080292917191e-01 1.030569082529555817e+04
1.892734965998241758e-01 1.069236529881762544e+04
1.913118851703566325e-01 1.061818547831328397e+04
1.933502737408890892e-01 1.040492732382588292e+04
1.953886623114215459e-01 1.049903405833330908e+04
1.974270508819540582e-01 1.050318202203467808e+04
1.994654394524865149e-01 1.036381456480197994e+04
2.015038280230189716e-01 1.060956483310740987e+04
2.035422165935514283e-01 1.051021822357640303e+04
2.055806051640838850e-01 1.024955311202847952e+04
2.076189937346163417e-01 1.046686021343167522e+04
2.096573823051488539e-01 1.008034263423313678e+04
2.116957708756813106e-01 1.010706139449545663e+04
2.137341594462137673e-01 1.030315989628484022e+04
2.157725480167462240e-01 1.018151116579863083e+04
2.178109365872786807e-01 1.003623619224717186e+04
2.198493251578111374e-01 9.927221744994230903e+03
2.218877137283435941e-01 1.006591672983445824e+04
2.239261022988761063e-01 9.928775698720681248e+03
2.259644908694085630e-01 1.013064602740817099e+04
2.280028794399410197e-01 9.903866547008959969e+03
2.300412680104734764e-01 9.849560624709725744e+03
2.320796565810059331e-01 9.930481069050783844e+03
2.341180451515383898e-01 1.004716590582971548e+04
2.361564337220709020e-01 1.005185351661200548e+04
2.381948222926033587e-01 9.930226792593444770e+03
2.402332108631358154e-01 9.916866717078695729e+03
2.422715994336682721e-01 9.882048484126895346e+03
2.443099880042007288e-01 9.988345948467145718e+03
2.463483765747331855e-01 1.002947056234696356e+04
2.483867651452656977e-01 1.006849191885326218e+04
2.504251537157981544e-01 9.859411916283397659e+03
2.524635422863306111e-01 9.916085767503958778e+03
2.545019308568630678e-01 9.608330914840236801e+03
2.565403194273955245e-01 9.952753389457187950e+03
2.585787079979279812e-01 9.687879858979293203e+03
2.606170965684604934e-01 9.796446103415835751e+03
2.626554851389929501e-01 9.715990950740606422e+03
2.646938737095254068e-01 9.805093329902318146e+03
2.667322622800578635e-01 9.741245752067889043e+03
2.687706508505903202e-01 9.731159958337095304e+03
2.708090394211227769e-01 9.785465453744986007e+03
2.728474279916552891e-01 9.796750661760543153e+03
2.748858165621877458e-01 9.990646245446265311e+03
2.769242051327202025e-01 9.819118701385727036e+03
2.789625937032526592e-01 9.723980055877440464e+03
2.810009822737851160e-01 9.644356664819290017e+03
2.830393708443175727e-01 9.668770106618947466e+03
2.850777594148500849e-01 9.608196199868045369e+03
2.871161479853825416e-01 9.722123469290479989e+03
2.891545365559149983e-01 9.550178151149910263e+03
2.911929251264474550e-01 9.525738986664600816e+03
2.932313136969799117e-01 9.731452466771153922e+03
2.952697022675123684e-01 9.646617996205113741e+03
2.973080908380448806e-01 9.584825784966189531e+03
2.993464794085773373e-01 9.495078345217389142e+03
3.013848679791097940e-01 9.557286717046126796e+03
3.034232565496422507e-01 9.476123059168208783e+03
3.054616451201747074e-01 9.472301723170427067e+03
3.075000336907071641e-01 9.464303021263729534e+03
3.095384222612396763e-01 9.406812750358412814e+03
3.115768108317721330e-01 9.375495701949397699e+03
3.136151994023045897e-01 9.376773223292650073e+03
3.156535879728370464e-01 9.338795119121910830e+03
3.176919765433695031e-01 9.483719855400560846e+03
3.197303651139019598e-01 9.386357889021770461e+03
3.217687536844344720e-01 9.488035425976635452e+03
3.238071422549669287e-01 9.493441353799740682e+03
3.258455308254993854e-01 9.433579546504292011e+03
3.278839193960318421e-01 9.378745796476121541e+03
3.299223079665642988e-01 9.349371159463418735e+03
3.319606965370967555e-01 9.398214307931473741e+03
3.339990851076292677e-01 9.365345507970954714e+03
3.360374736781617244e-01 9.351785522262083759e+03
3.380758622486941811e-01 9.435076943341895458e+03
3.401142508192266378e-01 9.310008110161559671e+03
3.421526393897590945e-01 9.323814676689305998e+03
3.441910279602915512e-01 9.337980941448960948e+03
3.462294165308240634e-01 9.278436140615602199e+03
3.482678051013565201e-01 9.215441496324918262e+03
3.503061936718889768e-01 9.464575037823540697e+03
3.523445822424214335e-01 9.290719974245599587e+03
3.543829708129538902e-01 9.303311499234581788e+03
3.564213593834863469e-01 9.215091661768572521e+03
3.584597479540188036e-01 9.104808308480876804e+03
3.604981365245513159e-01 9.244019916607716368e+03
3.625365250950837726e-01 9.320648343834614934e+03
3.645749136656162293e-01 9.151480076103936881e+03
3.666133022361486860e-01 9.290000309418122924e+03
3.686516908066811427e-01 9.094716332269465056e+03
3.706900793772136549e-01 9.273231111921379124e+03
3.727284679477460561e-01 9.184093286012162935e+03
3.747668565182785683e-01 9.227425251602508069e+03
3.768052450888110250e-01 9.260153740676410962e+03
3.788436336593434817e-01 9.179745245162743231e+03
3.808820222298759939e-01 9.061730535796239565e+03
3.829204108004083951e-01 9.302091120151482755e+03
3.849587993709409073e-01 9.073237336937050713e+03
3.869971879414733640e-01 9.243872382050805754e+03
3.890355765120058207e-01 9.117988439509501404e+03
3.910739650825382774e-01 9.062946446840187491e+03
3.931123536530707341e-01 9.253319746292685522e+03
3.951507422236032463e-01 9.270530358882246219e+03
3.971891307941356475e-01 9.085529030877230980e+03
3.992275193646681597e-01 9.368701332504433594e+03
4.012659079352006164e-01 9.254662126999790416e+03
4.033042965057330731e-01 8.966392670986158919e+03
4.053426850762655853e-01 9.119165978302478834e+03
4.073810736467979865e-01 9.029754786021338077e+03
4.094194622173304987e-01 9.132699952265806132e+03
4.114578507878629554e-01 9.181083991870429600e+03
4.134962393583954121e-01 9.103108001393202358e+03
4.155346279289278688e-01 9.131869030451278377e+03
4.175730164994603255e-01 9.141606298613251056e+03
4.196114050699928377e-01 9.124587941791096455e+03
4.216497936405252389e-01 9.124346570244315444e+03
4.236881822110577511e-01 9.344136976903038885e+03
4.257265707815902078e-01 9.244247261171844002e+03
4.277649593521226645e-01 8.988586066565292640e+03
4.298033479226551212e-01 9.094043487150265719e+03
4.318417364931875779e-01 9.019738994070386980e+03
4.338801250637200901e-01 8.872054425509573775e+03
4.359185136342524913e-01 9.025144167339503838e+03
4.379569022047850035e-01 9.093789842588717875e+03
4.399952907753174602e-01 9.001364314221948007e+03
4.420336793458499169e-01 8.959512400802490447e+03
4.440720679163824292e-01 9.037530699129330969e+03
4.461104564869148303e-01 8.972357340836962976e+03
4.481488450574473426e-01 8.976528009927691528e+03
4.501872336279797993e-01 8.996204768919524213e+03
4.522256221985122560e-01 8.948407326654538338e+03
4.542640107690447127e-01 9.122216877247743469e+03
4.563023993395771694e-01 9.134237621478372603e+03
4.583407879101096816e-01 9.052043083399661555e+03
4.603791764806420828e-01 8.933218500757364382e+03
4.624175650511745950e-01 8.991004619958941475e+03
4.644559536217070517e-01 9.053163291907079838e+03
4.664943421922395084e-01 8.956662661369475245e+03
4.685327307627720206e-01 8.925681618822041855e+03
4.705711193333044218e-01 8.925911778709269129e+03
4.726095079038369340e-01 9.002430230546908206e+03
4.746478964743693907e-01 8.896740909997060953e+03
4.766862850449018474e-01 8.760988061277274028e+03
4.787246736154343041e-01 8.818727151394165048e+03
4.807630621859667608e-01 8.825073460045934553e+03
4.828014507564992730e-01 8.890018013249771684e+03
4.848398393270316742e-01 8.915139824285875875e+03
4.868782278975641864e-01 8.951946063703548134e+03
4.889166164680966431e-01 8.920967104557901621e+03
4.909550050386290998e-01 8.873050909840721943e+03
4.929933936091615565e-01 8.898161920104759702e+03
4.950317821796940132e-01 8.834839693251458812e+03
4.970701707502265254e-01 8.914414637904597839e+03
4.991085593207589821e-01 9.072622551522672438e+03
5.011469478912914388e-01 8.822117172574191500e+03
5.031853364618239510e-01 8.826533346798316416e+03
5.052237250323563522e-01 8.902352539259620244e+03
5.072621136028888644e-01 8.794331151645495993e+03
5.093005021734212656e-01 8.855777894394781470e+03
5.113388907439537778e-01 8.737853111251393784e+03
5.133772793144861790e-01 8.731790062890420813e+03
5.154156678850186912e-01 8.748905165795009452e+03
5.174540564555512034e-01 8.802145686759982709e+03
5.194924450260836046e-01 8.808209425547622232e+03
5.215308335966161168e-01 8.714723538418444150e+03
5.235692221671485180e-01 8.707625334878068315e+03
5.256076107376810302e-01 8.656747443830377961e+03
5.276459993082134314e-01 8.676261163267095981e+03
5.296843878787459436e-01 8.685244007361936383e+03
5.317227764492784559e-01 8.609748377505658937e+03
5.337611650198108570e-01 8.596426567034297477e+03
5.357995535903433693e-01 8.762906874976919426e+03
5.378379421608758815e-01 8.602185052781353079e+03
5.398763307314082827e-01 8.669795568734367407e+03
5.419147193019407949e-01 8.790038416313705966e+03
5.439531078724731961e-01 8.661119981405629005e+03
5.459914964430057083e-01 8.761757657712370928e+03
5.480298850135381095e-01 8.642524248951245681e+03
5.500682735840706217e-01 8.694708813658740837e+03
5.521066621546031339e-01 8.719420484788752219e+03
5.541450507251355351e-01 8.741944492044902290e+03
5.561834392956680473e-01 8.702844259520770720e+03
5.582218278662004485e-01 8.677239818239726446e+03
5.602602164367329607e-01 8.799835029663136083e+03
5.622986050072653619e-01 8.624907597538302070e+03
5.643369935777978741e-01 8.603374584230828987e+03
5.663753821483303863e-01 8.554387607775239303e+03
5.684137707188627875e-01 8.835457545858491358e+03
5.704521592893952997e-01 8.770656212903422784e+03
5.724905478599277009e-01 8.734609495290014820e+03
5.745289364304602131e-01 8.694512238817185789e+03
5.765673250009926143e-01 8.641778513688608655e+03
5.786057135715251265e-01 8.648228736018578275e+03
5.806441021420576387e-01 8.661450812637976924e+03
5.826824907125900399e-01 8.486783049737096007e+03
5.847208792831225521e-01 8.477133285037674796e+03
5.867592678536549533e-01 8.475085651690376835e+03
5.887976564241874655e-01 8.390810484775232908e+03
5.908360449947199777e-01 8.432102501376870350e+03
5.928744335652523789e-01 8.569758870774890966e+03
5.949128221357848911e-01 8.471030613930986874e+03
5.969512107063172923e-01 8.508669494482393930e+03
5.989895992768498045e-01 8.482363443007094247e+03
6.010279878473823167e-01 8.585946517336236866e+03
6.030663764179147179e-01 8.571893655125006262e+03
6.051047649884472301e-01 8.484433217216255798e+03
6.071431535589796313e-01 8.430471098926191189e+03
6.091815421295121435e-01 8.572730362217815127e+03
6.112199307000445447e-01 8.698805389039358488e+03
6.132583192705770569e-01 8.637307442993205768e+03
