1.267491758004298807e+00 2.021079765235902596e+04
1.269548785325064877e+00 2.026577795232427161e+04
1.271605812645830946e+00 2.016492137997339887e+04
1.273662839966597016e+00 2.003404328234699642e+04
1.275719867287362863e+00 2.002225364799563977e+04
1.277776894608128933e+00 1.993284485824875446e+04
1.279833921928895002e+00 1.977257310009739740e+04
1.281890949249661071e+00 2.000741057666254710e+04
1.283947976570427141e+00 2.008411849985161825e+04
1.286005003891192988e+00 1.987881373502678980e+04
1.288062031211959058e+00 1.964077092538422585e+04
1.290119058532725127e+00 1.998427677725184913e+04
1.292176085853491196e+00 1.981095725389884683e+04
1.294233113174257266e+00 1.978253660455843055e+04
1.296290140495023113e+00 1.971080773760849115e+04
1.298347167815789183e+00 1.974089030851862481e+04
1.300404195136555252e+00 1.967236804115549603e+04
1.302461222457321321e+00 1.968093470498252645e+04
1.304518249778087391e+00 1.969503939158793946e+04
1.306575277098853238e+00 1.966371397129409161e+04
1.308632304419619308e+00 1.946044905489067605e+04
1.310689331740385377e+00 1.946869569904418677e+04
1.312746359061151447e+00 1.966936465385776683e+04
1.314803386381917516e+00 1.944558766908221514e+04
1.316860413702683363e+00 1.956020699643647458e+04
1.318917441023449433e+00 1.946555250940398400e+04
1.320974468344215502e+00 1.941157813349787830e+04
1.323031495664981572e+00 1.949865334368741605e+04
1.325088522985747641e+00 1.951719744138003443e+04
1.327145550306513488e+00 1.954750760459611047e+04
1.329202577627279558e+00 1.955488138812217949e+04
1.331259604948045627e+00 1.949289920651422653e+04
1.333316632268811697e+00 1.948465173933840924e+04
1.335373659589577766e+00 1.946025092322885030e+04
1.337430686910343614e+00 1.930259287478333863e+04
1.339487714231109683e+00 1.947728451480853255e+04
1.341544741551875752e+00 1.945607740677342372e+04
1.343601768872641822e+00 1.937553953426814405e+04
1.345658796193407891e+00 1.910177660040529008e+04
1.347715823514173739e+00 1.929164475249202587e+04
1.349772850834939808e+00 1.929112599829895771e+04
1.351829878155705877e+00 1.921681499211719347e+04
1.353886905476471947e+00 1.931949409019356972e+04
1.355943932797238016e+00 1.934934915547796845e+04
1.358000960118003864e+00 1.925031188846082296e+04
1.360057987438769933e+00 1.913676523114377051e+04
1.362115014759536002e+00 1.929573149097875648e+04
1.364172042080302072e+00 1.944419825334546113e+04
1.366229069401068141e+00 1.919275588908333157e+04
1.368286096721833989e+00 1.919225951307571449e+04
1.370343124042600058e+00 1.930420495886077697e+04
1.372400151363366128e+00 1.943854441501724796e+04
1.374457178684132197e+00 1.907050298382321489e+04
1.376514206004898266e+00 1.938898303311838754e+04
1.378571233325664114e+00 1.958080605053182808e+04
1.380628260646430183e+00 1.985946899126014978e+04
1.382685287967196253e+00 1.988914929434871010e+04
1.384742315287962322e+00 1.980417748593971191e+04
1.386799342608728391e+00 1.940680640101640893e+04
1.388856369929494239e+00 1.940076532815979590e+04
1.390913397250260308e+00 1.943011836699328705e+04
1.392970424571026378e+00 1.938780451223246564e+04
1.395027451891792447e+00 1.957484398062911714e+04
1.397084479212558517e+00 1.977221697041767766e+04
1.399141506533324364e+00 1.973891297381042750e+04
1.401198533854090433e+00 1.993482911906877780e+04
1.403255561174856503e+00 1.980616440836102265e+04
1.405312588495622572e+00 2.013721457402606757e+04
1.407369615816388642e+00 2.023281291822627099e+04
1.409426643137154489e+00 2.020527986199025690e+04
1.411483670457920558e+00 2.030725898837041314e+04
1.413540697778686628e+00 2.061377665006343886e+04
1.415597725099452697e+00 2.069234688356349216e+04
1.417654752420218767e+00 2.097942143106901494e+04
1.419711779740984614e+00 2.110165613381674484e+04
1.421768807061750683e+00 2.147193874928339937e+04
1.423825834382516753e+00 2.190973048387276867e+04
1.425882861703282822e+00 2.218389360350959760e+04
1.427939889024048892e+00 2.240030745531748107e+04
1.429996916344814739e+00 2.290916980269505802e+04
1.432053943665580809e+00 2.355690899667478516e+04
1.434110970986346878e+00 2.407841341370795635e+04
1.436167998307112947e+00 2.462218613631128392e+04
1.438225025627879017e+00 2.550420533038081339e+04
1.440282052948644864e+00 2.630573715000053926e+04
1.442339080269410934e+00 2.741342810676365480e+04
1.444396107590177003e+00 2.845546403153682695e+04
1.446453134910943072e+00 3.004124874939847359e+04
1.448510162231709142e+00 3.179828274021031393e+04
1.450567189552474989e+00 3.370152593854536826e+04
1.452624216873241059e+00 3.564876763023185049e+04
1.454681244194007128e+00 3.796330260090211232e+04
1.456738271514773198e+00 4.044651314240499050e+04
1.458795298835539267e+00 4.383895587400049408e+04
1.460852326156305114e+00 4.716292599016875465e+04
1.462909353477071184e+00 5.122312487432677881e+04
1.464966380797837253e+00 5.522061590431483637e+04
1.467023408118603323e+00 6.017449333373671107e+04
1.469080435439369392e+00 6.418105151100382500e+04
1.471137462760135239e+00 6.787961460065438587e+04
1.473194490080901309e+00 7.011565554336518107e+04
1.475251517401667378e+00 7.044960387696705584e+04
1.477308544722433448e+00 6.963023551175768080e+04
1.479365572043199517e+00 6.514146161749248859e+04
1.481422599363965364e+00 6.010916564531982294e+04
1.483479626684731434e+00 5.481835884911572793e+04
1.485536654005497503e+00 5.115115468364842673e+04
1.487593681326263573e+00 4.833193864949454291e+04
1.489650708647029642e+00 4.645214592447606992e+04
1.491707735967795712e+00 4.491613577565056767e+04
1.493764763288561559e+00 4.391723875957063137e+04
1.495821790609327628e+00 4.282261554798830912e+04
1.497878817930093698e+00 4.200833187919594639e+04
1.499935845250859767e+00 4.116517889493003895e+04
1.501992872571625837e+00 4.031861243236962764e+04
1.504049899892391684e+00 3.948137354086466075e+04
1.506106927213157753e+00 3.847937030880633392e+04
1.508163954533923823e+00 3.765241497871259344e+04
1.510220981854689892e+00 3.640194879376354220e+04
1.512278009175455962e+00 3.531317929850588553e+04
1.514335036496221809e+00 3.427143794978955702e+04
1.516392063816987879e+00 3.311114709729168680e+04
1.518449091137753948e+00 3.220812823732996912e+04
1.520506118458520017e+00 3.107198651371645974e+04
1.522563145779286087e+00 3.005230520137833082e+04
1.524620173100051934e+00 2.870323011942942685e+04
1.526677200420818004e+00 2.769559689194460952e+04
1.528734227741584073e+00 2.698530584696454753e+04
1.530791255062350142e+00 2.597862845134880263e+04
1.532848282383116212e+00 2.512411390198354275e+04
1.534905309703882059e+00 2.465646180724663645e+04
1.536962337024648129e+00 2.418064456538541708e+04
1.539019364345414198e+00 2.351696494835866906e+04
1.541076391666180267e+00 2.285919641114281694e+04
1.543133418986946337e+00 2.248399687050581269e+04
1.545190446307712184e+00 2.222355512888915837e+04
1.547247473628478254e+00 2.232607701747331521e+04
1.549304500949244323e+00 2.328239523672741052e+04
