3.791192459797767655e-03 1.124305365075319060e+03
5.829580986985383184e-03 4.757409903826446680e+03
7.867969514173012158e-03 8.345484863610588945e+03
9.906358041360752154e-03 1.125143631613955586e+04
1.194474656854838113e-02 1.530198857030839827e+04
1.398313509573601010e-02 1.966151086697621213e+04
1.602152362292363907e-02 2.128097355606293058e+04
1.805991215011137907e-02 2.371876613663214084e+04
2.009830067729900804e-02 1.770107283804018516e+04
2.213668920448663702e-02 1.394535648758374009e+04
2.417507773167437701e-02 1.290776673529618165e+04
2.621346625886200599e-02 1.256124521015287610e+04
2.825185478604963496e-02 1.219387388841405482e+04
3.029024331323737496e-02 1.195277450681266237e+04
3.232863184042500393e-02 1.170883625509884951e+04
3.436702036761263290e-02 1.185123209856779249e+04
3.640540889480037290e-02 1.196861076842634429e+04
3.844379742198800187e-02 1.176749075422431270e+04
4.048218594917563085e-02 1.174271551607739821e+04
4.252057447636325982e-02 1.184692192218582204e+04
4.455896300355099982e-02 1.171717252237030516e+04
4.659735153073862879e-02 1.170959086864184610e+04
4.863574005792625776e-02 1.186488372192356837e+04
5.067412858511399776e-02 1.171119888783148053e+04
5.271251711230162673e-02 1.175173458892010785e+04
5.475090563948925571e-02 1.187281153812629782e+04
5.678929416667699570e-02 1.169032364736043746e+04
5.882768269386462467e-02 1.174569125609527146e+04
6.086607122105225365e-02 1.170384128006123137e+04
6.290445974823999364e-02 1.167777012581737290e+04
6.494284827542762262e-02 1.153736182274933890e+04
6.698123680261525159e-02 1.164934067298898844e+04
6.901962532980299159e-02 1.166698475102433986e+04
7.105801385699062056e-02 1.174107361227110050e+04
7.309640238417824953e-02 1.168038704727893673e+04
7.513479091136598953e-02 1.167179910103954899e+04
7.717317943855361850e-02 1.157872514683571717e+04
7.921156796574124748e-02 1.163604930401773163e+04
8.124995649292887645e-02 1.151860074263571914e+04
8.328834502011661645e-02 1.154291479714980960e+04
8.532673354730424542e-02 1.161313955536421781e+04
8.736512207449187439e-02 1.160990852712233573e+04
8.940351060167961439e-02 1.183054256405788692e+04
9.144189912886724336e-02 1.160259438242399119e+04
9.348028765605487234e-02 1.147469760430196038e+04
9.551867618324261233e-02 1.154867813238609779e+04
9.755706471043024131e-02 1.151689125687151864e+04
9.959545323761787028e-02 1.162459465588071362e+04
1.016338417648056103e-01 1.158832447852589394e+04
1.036722302919932392e-01 1.155565249074556050e+04
1.057106188191808682e-01 1.154806138550968899e+04
1.077490073463684972e-01 1.157531505448615826e+04
1.097873958735562372e-01 1.156901265250430879e+04
1.118257844007438662e-01 1.152188755766415306e+04
1.138641729279315506e-01 1.159733407240153974e+04
1.159025614551192351e-01 1.164669780855587305e+04
1.179409499823068641e-01 1.182789189813661324e+04
1.199793385094945486e-01 1.172584412184461326e+04
1.220177270366821776e-01 1.156019583802024863e+04
1.240561155638698621e-01 1.154163659723780074e+04
1.260945040910575465e-01 1.173025147226225636e+04
1.281328926182451755e-01 1.175401662303366174e+04
1.301712811454328600e-01 1.190793722961535059e+04
1.322096696726204890e-01 1.167957780020836799e+04
1.342480581998081735e-01 1.163460874773983414e+04
1.362864467269958579e-01 1.166579993697805367e+04
1.383248352541834869e-01 1.168092822497139969e+04
1.403632237813711714e-01 1.159327053045370485e+04
1.424016123085588559e-01 1.171261414591956054e+04
1.444400008357464849e-01 1.139911585960829689e+04
1.464783893629341693e-01 1.159670313438224912e+04
1.485167778901218538e-01 1.161627295914108618e+04
1.505551664173094828e-01 1.174218300198245925e+04
1.525935549444971673e-01 1.166441111415574960e+04
1.546319434716847963e-01 1.153494842767564478e+04
1.566703319988724807e-01 1.158903472740086363e+04
1.587087205260601652e-01 1.167104505501403764e+04
1.607471090532477942e-01 1.156476854204201300e+04
1.627854975804354787e-01 1.164202950672846964e+04
1.648238861076231077e-01 1.159689914052399945e+04
1.668622746348107921e-01 1.151806469282172111e+04
1.689006631619984766e-01 1.145185152683905471e+04
1.709390516891861056e-01 1.147277748283444998e+04
1.729774402163737901e-01 1.171884486434416613e+04
1.750158287435614746e-01 1.168802826888569325e+04
1.770542172707491035e-01 1.161346214472969405e+04
1.790926057979367880e-01 1.169949053787470802e+04
1.811309943251244725e-01 1.182003670203347610e+04
1.831693828523121015e-01 1.155060017883876390e+04
1.852077713794997860e-01 1.166632601038259600e+04
1.872461599066874149e-01 1.147996292745318897e+04
1.892845484338750994e-01 1.155336358868135903e+04
1.913229369610627839e-01 1.160079591570897719e+04
1.933613254882504129e-01 1.160527981255209488e+04
1.953997140154380974e-01 1.162708563055381637e+04
1.974381025426257263e-01 1.169375934733444774e+04
1.994764910698134108e-01 1.163859420256957492e+04
2.015148795970010953e-01 1.179930681176873259e+04
2.035532681241887243e-01 1.184872563333234939e+04
2.055916566513764088e-01 1.137399580196674469e+04
2.076300451785640933e-01 1.146035268689428085e+04
2.096684337057517222e-01 1.140214646824500232e+04
2.117068222329394067e-01 1.140102537435293925e+04
2.137452107601270912e-01 1.170582245624531606e+04
2.157835992873147202e-01 1.137829865275026896e+04
2.178219878145024047e-01 1.146680973496160004e+04
2.198603763416900336e-01 1.150602683036302551e+04
2.218987648688777181e-01 1.134768405950149827e+04
2.239371533960654026e-01 1.138112690653642494e+04
2.259755419232530316e-01 1.159030159561262917e+04
2.280139304504407161e-01 1.141542088966567098e+04
2.300523189776283450e-01 1.127094447005915208e+04
2.320907075048160295e-01 1.157952950083812539e+04
2.341290960320037140e-01 1.150303444537126961e+04
2.361674845591913430e-01 1.166378983800526112e+04
2.382058730863790275e-01 1.159911439074776172e+04
2.402442616135667119e-01 1.158124766553106019e+04
2.422826501407543409e-01 1.161708762017510890e+04
2.443210386679420254e-01 1.166591332084905298e+04
2.463594271951297099e-01 1.159661341496565910e+04
2.483978157223173389e-01 1.154721451623221947e+04
2.504362042495050233e-01 1.148553823971356178e+04
2.524745927766926523e-01 1.142171343062055166e+04
2.545129813038803368e-01 1.120299030415194284e+04
2.565513698310680213e-01 1.166672539280029741e+04
2.585897583582556503e-01 1.144074949161392033e+04
2.606281468854433347e-01 1.163351473024106963e+04
2.626665354126309637e-01 1.163630962076604192e+04
2.647049239398186482e-01 1.148509910343638694e+04
2.667433124670063327e-01 1.141430531991152930e+04
2.687817009941939617e-01 1.139868528759472247e+04
2.708200895213816461e-01 1.128316304426016359e+04
2.728584780485693306e-01 1.148406818144792487e+04
2.748968665757569596e-01 1.157679508320883906e+04
2.769352551029446441e-01 1.157682042710947644e+04
2.789736436301323286e-01 1.144244196742113672e+04
2.810120321573199575e-01 1.142222420584645988e+04
2.830504206845076420e-01 1.141429514535036833e+04
2.850888092116952710e-01 1.126031952441957765e+04
2.871271977388829555e-01 1.133018222850051279e+04
2.891655862660706400e-01 1.121860795565618537e+04
2.912039747932582689e-01 1.117320273660483326e+04
2.932423633204459534e-01 1.123080840294160589e+04
2.952807518476335824e-01 1.143824164748480507e+04
2.973191403748212669e-01 1.118167897586537947e+04
2.993575289020089514e-01 1.121380134380085474e+04
3.013959174291965804e-01 1.123901653806555987e+04
3.034343059563842648e-01 1.118983136404563629e+04
3.054726944835719493e-01 1.106804980848653577e+04
3.075110830107595783e-01 1.123557731198241709e+04
3.095494715379472628e-01 1.125749804161813154e+04
3.115878600651349473e-01 1.110442247289517763e+04
3.136262485923225762e-01 1.107375257720505033e+04
3.156646371195102607e-01 1.100343455171320420e+04
3.177030256466978897e-01 1.129317910677807595e+04
3.197414141738855742e-01 1.109576412648206679e+04
3.217798027010732587e-01 1.113094306383042931e+04
3.238181912282608876e-01 1.106643477603918109e+04
3.258565797554485721e-01 1.093523546003383490e+04
3.278949682826362011e-01 1.100830800016150351e+04
3.299333568098238856e-01 1.101814985130402056e+04
3.319717453370115701e-01 1.110413532834682701e+04
3.340101338641991990e-01 1.115357121849936448e+04
3.360485223913868835e-01 1.112419656381863933e+04
3.380869109185745680e-01 1.085134602435980196e+04
3.401252994457621970e-01 1.096900838144927366e+04
3.421636879729498815e-01 1.096530982818919983e+04
3.442020765001375660e-01 1.092283956388719162e+04
3.462404650273251949e-01 1.093033383022961061e+04
3.482788535545128794e-01 1.103450137413122320e+04
3.503172420817005084e-01 1.111255932072156429e+04
3.523556306088881929e-01 1.092945921269401515e+04
3.543940191360758774e-01 1.094560103484492902e+04
3.564324076632635063e-01 1.097616253767883609e+04
3.584707961904511908e-01 1.095886910490272567e+04
3.605091847176388198e-01 1.099525369320308528e+04
3.625475732448265043e-01 1.088060253691667458e+04
3.645859617720141888e-01 1.067214707568118683e+04
3.666243502992018177e-01 1.080003354052015129e+04
3.686627388263895022e-01 1.067221022701699258e+04
3.707011273535771867e-01 1.084016937863337625e+04
3.727395158807648157e-01 1.076231837542445282e+04
3.747779044079525002e-01 1.082601150489692736e+04
3.768162929351401846e-01 1.070392024925782243e+04
3.788546814623278136e-01 1.079174362341439883e+04
3.808930699895154981e-01 1.062771985380155456e+04
3.829314585167031826e-01 1.077115788186068676e+04
3.849698470438908116e-01 1.061452470859436107e+04
3.870082355710784405e-01 1.068264253031610497e+04
3.890466240982661250e-01 1.061958682292115191e+04
3.910850126254538095e-01 1.057316171588030556e+04
3.931234011526414385e-01 1.070155800875811838e+04
3.951617896798291230e-01 1.068491681288912332e+04
3.972001782070168074e-01 1.059170177346802120e+04
3.992385667342044364e-01 1.063919510900723981e+04
4.012769552613921209e-01 1.067865202422933726e+04
4.033153437885798054e-01 1.042453615896230258e+04
4.053537323157674344e-01 1.051331261742189417e+04
4.073921208429551188e-01 1.037997703121905943e+04
4.094305093701428033e-01 1.044687820378286779e+04
4.114688978973304323e-01 1.061808708059088531e+04
4.135072864245181168e-01 1.055261374294990128e+04
4.155456749517058013e-01 1.060704969450640965e+04
4.175840634788934302e-01 1.062735876313323024e+04
4.196224520060810592e-01 1.053880417681876861e+04
4.216608405332687437e-01 1.056108645762838387e+04
4.236992290604564282e-01 1.065920624012840926e+04
4.257376175876440572e-01 1.049726540796640620e+04
4.277760061148317416e-01 1.050212263882923799e+04
4.298143946420194261e-01 1.052326861059664407e+04
4.318527831692070551e-01 1.043822206772629579e+04
4.338911716963947396e-01 1.017612695328832888e+04
4.359295602235824241e-01 1.038963440971220734e+04
4.379679487507700530e-01 1.046682342011589208e+04
4.400063372779577375e-01 1.034256629390866692e+04
4.420447258051454220e-01 1.021621321678800632e+04
4.440831143323330510e-01 1.040477845314079241e+04
4.461215028595207355e-01 1.029105850833278237e+04
4.481598913867084200e-01 1.031297756376849247e+04
4.501982799138960489e-01 1.032064701818450339e+04
4.522366684410836779e-01 1.019331238929029860e+04
4.542750569682713624e-01 1.025076944628535603e+04
4.563134454954590469e-01 1.024799055688368753e+04
4.583518340226466758e-01 1.033448110034642741e+04
4.603902225498343603e-01 1.037294309155394149e+04
4.624286110770220448e-01 1.024688787354893066e+04
4.644669996042096738e-01 1.027419296646903240e+04
4.665053881313973583e-01 1.033967160069903366e+04
4.685437766585850428e-01 1.033099172503047157e+04
4.705821651857726717e-01 1.013097589840115143e+04
4.726205537129603562e-01 1.006814957308593148e+04
4.746589422401480407e-01 1.018857297078646116e+04
4.766973307673356697e-01 1.005531898804260891e+04
4.787357192945233542e-01 1.007999927081600617e+04
4.807741078217110386e-01 1.003324503930703213e+04
4.828124963488986676e-01 1.022864327057393348e+04
4.848508848760862966e-01 1.022515482739804611e+04
4.868892734032739811e-01 1.017182136987162994e+04
4.889276619304616656e-01 1.014433686215833950e+04
4.909660504576492945e-01 1.007522902674249599e+04
4.930044389848369790e-01 1.025158559330472781e+04
4.950428275120246635e-01 1.011843327180497181e+04
4.970812160392122925e-01 1.018550843174263173e+04
4.991196045663999770e-01 1.017063084212386821e+04
5.011579930935876614e-01 1.006881927291744796e+04
5.031963816207752904e-01 1.001214728995923906e+04
5.052347701479629194e-01 9.857359315137917292e+03
5.072731586751506594e-01 9.938612881612249112e+03
5.093115472023382884e-01 9.965475559192465880e+03
5.113499357295259173e-01 9.948181793008821842e+03
5.133883242567136573e-01 9.890530375872762306e+03
5.154267127839012863e-01 9.828365296826186750e+03
5.174651013110889153e-01 1.015287596710460275e+04
5.195034898382766553e-01 9.857963194454283439e+03
5.215418783654642843e-01 9.878916311937140563e+03
5.235802668926519132e-01 1.002235460947098181e+04
5.256186554198396532e-01 9.812596469749614698e+03
5.276570439470272822e-01 9.863481146029174852e+03
5.296954324742149112e-01 9.913986697448519408e+03
5.317338210014026512e-01 9.902283516446037538e+03
5.337722095285902801e-01 9.848053450430921657e+03
5.358105980557779091e-01 9.870826643976297419e+03
5.378489865829656491e-01 9.881036814624680119e+03
5.398873751101532781e-01 9.956629823086683245e+03
5.419257636373409071e-01 9.766525871799900415e+03
5.439641521645285360e-01 9.936459004844005904e+03
5.460025406917162760e-01 9.843029574864345705e+03
5.480409292189039050e-01 9.831945529788437852e+03
5.500793177460915340e-01 9.832764714505363372e+03
5.521177062732792740e-01 9.714485212455756482e+03
5.541560948004669029e-01 9.853429913051457333e+03
5.561944833276545319e-01 9.864988515187602388e+03
5.582328718548422719e-01 9.809073028994247579e+03
5.602712603820299009e-01 9.896972234364055112e+03
5.623096489092175299e-01 9.750621723672173175e+03
5.643480374364051588e-01 9.769470680865219038e+03
5.663864259635928988e-01 9.638846175972899800e+03
5.684248144907805278e-01 9.780481744170012462e+03
5.704632030179681568e-01 9.872934863714459425e+03
5.725015915451558968e-01 9.920690867633689777e+03
5.745399800723435257e-01 9.574347479761298018e+03
5.765783685995311547e-01 9.656657141336731002e+03
5.786167571267188947e-01 9.704907367773450460e+03
5.806551456539065237e-01 9.652322712926954409e+03
5.826935341810941527e-01 9.739987185729571138e+03
5.847319227082818927e-01 9.794151045334947412e+03
5.867703112354695216e-01 9.591740167206351543e+03
5.888086997626571506e-01 9.519587912252362003e+03
5.908470882898448906e-01 9.455189999201171304e+03
5.928854768170325196e-01 9.624583994547025213e+03
5.949238653442201485e-01 9.905260244320439597e+03
5.969622538714078885e-01 9.560827208057127791e+03
5.990006423985955175e-01 9.831772448678097135e+03
6.010390309257831465e-01 9.764518026478508546e+03
6.030774194529707755e-01 9.587157756068612798e+03
6.051158079801585155e-01 9.679838687437826593e+03
6.071541965073461444e-01 9.600186373322670988e+03
6.091925850345337734e-01 9.672263195405792430e+03
6.112309735617215134e-01 9.611575529060626650e+03
6.132693620889091424e-01 9.641466509432411840e+03
