1.267488702338391837e+00 1.983749048380986642e+04
1.269545729714940396e+00 1.961426925551678869e+04
1.271602757091489178e+00 1.951227734522341780e+04
1.273659784468037959e+00 1.954797979273208693e+04
1.275716811844586740e+00 1.938249061054209596e+04
1.277773839221135299e+00 1.946595442891277708e+04
1.279830866597684080e+00 1.952247906384486487e+04
1.281887893974232639e+00 1.945958848314157876e+04
1.283944921350781421e+00 1.933217653625920502e+04
1.286001948727330202e+00 1.936117650200439675e+04
1.288058976103878761e+00 1.931423459947887386e+04
1.290116003480427542e+00 1.919292823227271219e+04
1.292173030856976101e+00 1.926957402210605869e+04
1.294230058233524883e+00 1.921393767205899712e+04
1.296287085610073664e+00 1.911088867245402071e+04
1.298344112986622223e+00 1.913694936895906358e+04
1.300401140363171004e+00 1.903410981533634913e+04
1.302458167739719563e+00 1.924137805988221953e+04
1.304515195116268345e+00 1.913635848813709163e+04
1.306572222492817126e+00 1.905457101610775135e+04
1.308629249869365685e+00 1.912615792219308423e+04
1.310686277245914466e+00 1.897540504779284674e+04
1.312743304622463025e+00 1.887266273408115376e+04
1.314800331999011807e+00 1.895901080657435523e+04
1.316857359375560588e+00 1.911319230604201584e+04
1.318914386752109147e+00 1.904892320851381373e+04
1.320971414128657928e+00 1.878422858312416065e+04
1.323028441505206487e+00 1.864813325465318121e+04
1.325085468881755268e+00 1.876884145681845985e+04
1.327142496258304050e+00 1.873856748812177830e+04
1.329199523634852609e+00 1.882949157686119725e+04
1.331256551011401390e+00 1.889258859499028040e+04
1.333313578387950171e+00 1.858640018044330645e+04
1.335370605764498730e+00 1.874105669553606276e+04
1.337427633141047512e+00 1.877525130308921507e+04
1.339484660517596293e+00 1.874221812476424384e+04
1.341541687894144852e+00 1.849767116169969086e+04
1.343598715270693633e+00 1.866110043897460127e+04
1.345655742647242192e+00 1.864038233719120399e+04
1.347712770023790974e+00 1.838976858900945081e+04
1.349769797400339755e+00 1.863598693829855620e+04
1.351826824776888314e+00 1.836755598160503723e+04
1.353883852153437095e+00 1.856609093357856182e+04
1.355940879529985654e+00 1.841002454405596291e+04
1.357997906906534435e+00 1.845320445481829665e+04
1.360054934283083217e+00 1.847123113508620736e+04
1.362111961659631776e+00 1.845354369489407327e+04
1.364168989036180557e+00 1.831483573129757133e+04
1.366226016412729116e+00 1.847354944072434591e+04
1.368283043789277897e+00 1.849760685652630127e+04
1.370340071165826679e+00 1.860733061670172901e+04
1.372397098542375238e+00 1.856978597041366447e+04
1.374454125918924019e+00 1.849536798006491154e+04
1.376511153295472578e+00 1.853754614185078754e+04
1.378568180672021359e+00 1.857360056045206875e+04
1.380625208048570141e+00 1.886345331634710601e+04
1.382682235425118700e+00 1.908292064701429263e+04
1.384739262801667481e+00 1.901613346831271338e+04
1.386796290178216040e+00 1.880995810465435352e+04
1.388853317554764821e+00 1.890434860870536068e+04
1.390910344931313603e+00 1.879764513698822338e+04
1.392967372307862162e+00 1.877969479166126257e+04
1.395024399684410943e+00 1.897834364834091684e+04
1.397081427060959724e+00 1.892734293439325847e+04
1.399138454437508283e+00 1.900982023812346597e+04
1.401195481814057064e+00 1.909360875511376435e+04
1.403252509190605846e+00 1.936989234017231865e+04
1.405309536567154405e+00 1.952640467105649805e+04
1.407366563943703186e+00 1.968053777320927111e+04
1.409423591320251745e+00 1.969452169834679444e+04
1.411480618696800526e+00 1.983895369880044746e+04
1.413537646073349308e+00 2.005528091576078441e+04
1.415594673449897867e+00 2.029888750322904525e+04
1.417651700826446648e+00 2.034663390718198207e+04
1.419708728202995207e+00 2.063212550449603441e+04
1.421765755579543988e+00 2.090660062914496302e+04
1.423822782956092770e+00 2.127315963948972785e+04
1.425879810332641329e+00 2.186673505991906859e+04
1.427936837709190110e+00 2.206824567142168598e+04
1.429993865085738669e+00 2.259144702579505611e+04
1.432050892462287450e+00 2.330236591170095198e+04
1.434107919838836231e+00 2.384051260492485744e+04
1.436164947215384791e+00 2.453834751934183441e+04
1.438221974591933572e+00 2.544736457280777540e+04
1.440279001968482131e+00 2.649533968455186914e+04
1.442336029345030912e+00 2.718031245789493551e+04
1.444393056721579693e+00 2.834339003120231064e+04
1.446450084098128253e+00 2.978015770583546691e+04
1.448507111474677034e+00 3.130520070396897427e+04
1.450564138851225815e+00 3.285009757903106220e+04
1.452621166227774374e+00 3.475638222885847790e+04
1.454678193604323155e+00 3.701415108470756968e+04
1.456735220980871715e+00 3.921911322327156086e+04
1.458792248357420496e+00 4.203128051838382817e+04
1.460849275733969277e+00 4.510652101041778951e+04
1.462906303110517836e+00 4.811897028462587332e+04
1.464963330487066617e+00 5.123877054807443346e+04
1.467020357863615398e+00 5.486184877608255920e+04
1.469077385240163958e+00 5.831987139262336859e+04
1.471134412616712739e+00 6.155737398347184353e+04
1.473191439993261298e+00 6.345955570096063457e+04
1.475248467369810079e+00 6.477367035013082204e+04
1.477305494746358860e+00 6.514538897435129184e+04
1.479362522122907420e+00 6.438427687002284802e+04
1.481419549499456201e+00 6.355416602219891502e+04
1.483476576876004760e+00 6.263405940580416791e+04
1.485533604252553541e+00 6.064037296861555660e+04
1.487590631629102322e+00 5.850690062892281276e+04
1.489647659005650882e+00 5.660779216062791238e+04
1.491704686382199663e+00 5.479072635176447511e+04
1.493761713758748222e+00 5.252284886091032240e+04
1.495818741135297003e+00 5.130493156463453488e+04
1.497875768511845784e+00 4.926952647011243243e+04
1.499932795888394343e+00 4.726476439284857770e+04
1.501989823264943125e+00 4.519165974612076388e+04
1.504046850641491684e+00 4.311417820002502413e+04
1.506103878018040465e+00 4.101122269033273915e+04
1.508160905394589246e+00 3.985865188678313280e+04
1.510217932771137805e+00 3.839316249535702809e+04
1.512274960147686587e+00 3.679044615034780145e+04
1.514331987524235368e+00 3.546382439202320529e+04
1.516389014900783927e+00 3.412369634531214979e+04
1.518446042277332708e+00 3.343868576570859295e+04
1.520503069653881267e+00 3.214218399888751446e+04
1.522560097030430049e+00 3.126802203706276487e+04
1.524617124406978830e+00 3.012521622282030148e+04
1.526674151783527389e+00 2.913751117880158563e+04
1.528731179160076170e+00 2.834482644241467278e+04
1.530788206536624729e+00 2.768931983912753276e+04
1.532845233913173510e+00 2.690752354638920951e+04
1.534902261289722292e+00 2.601155121494855121e+04
1.536959288666270851e+00 2.551847726080645589e+04
1.539016316042819632e+00 2.486455048907647870e+04
1.541073343419368413e+00 2.424383303150605934e+04
1.543130370795916972e+00 2.360144958650061744e+04
1.545187398172465754e+00 2.319930426053108022e+04
1.547244425549014313e+00 2.296561947227520795e+04
1.549301452925563094e+00 2.363605106303831417e+04
