1.267852326058347634e+00 2.180934335575726436e+04
1.269909346795910166e+00 2.178977100906546912e+04
1.271966367533472697e+00 2.159971773067650065e+04
1.274023388271035229e+00 2.163038967165811482e+04
1.276080409008597760e+00 2.153842535500626400e+04
1.278137429746160292e+00 2.159532898182091230e+04
1.280194450483722823e+00 2.154131647263531340e+04
1.282251471221285355e+00 2.140062424762070441e+04
1.284308491958847886e+00 2.151401876595688373e+04
1.286365512696410418e+00 2.127004919416447956e+04
1.288422533433972950e+00 2.136592487743972379e+04
1.290479554171535481e+00 2.126583628517499892e+04
1.292536574909098013e+00 2.106979638280922518e+04
1.294593595646660544e+00 2.103244041780470798e+04
1.296650616384223076e+00 2.092820584755959499e+04
1.298707637121785607e+00 2.088699551879576029e+04
1.300764657859348139e+00 2.096306229978339979e+04
1.302821678596910671e+00 2.092446837797153057e+04
1.304878699334473202e+00 2.076431767869644318e+04
1.306935720072035734e+00 2.099652170863378706e+04
1.308992740809598265e+00 2.079531993900726229e+04
1.311049761547160797e+00 2.071511332989958464e+04
1.313106782284723328e+00 2.059777840509945963e+04
1.315163803022285860e+00 2.074916319121100969e+04
1.317220823759848392e+00 2.076075604816791019e+04
1.319277844497410923e+00 2.074342850972347514e+04
1.321334865234973455e+00 2.055872004910206306e+04
1.323391885972535986e+00 2.044652098959782234e+04
1.325448906710098518e+00 2.049538725329421504e+04
1.327505927447661049e+00 2.039110842442931971e+04
1.329562948185223581e+00 2.045293882014546398e+04
1.331619968922786112e+00 2.052835476046511030e+04
1.333676989660348644e+00 2.036883519647189314e+04
1.335734010397911176e+00 2.038760634655216563e+04
1.337791031135473707e+00 2.042002804737941915e+04
1.339848051873036239e+00 2.034776550154270808e+04
1.341905072610598770e+00 2.029382199285281240e+04
1.343962093348161302e+00 2.028517035085375755e+04
1.346019114085723833e+00 2.021738904839834868e+04
1.348076134823286365e+00 2.016372038854638959e+04
1.350133155560848897e+00 2.002680374915211723e+04
1.352190176298411428e+00 2.025074993264417208e+04
1.354247197035973960e+00 2.000642982363320334e+04
1.356304217773536491e+00 2.005090484452143210e+04
1.358361238511099023e+00 2.008353887198575103e+04
1.360418259248661554e+00 1.992106891273704241e+04
1.362475279986224086e+00 1.989900381874971572e+04
1.364532300723786618e+00 1.994784726505996514e+04
1.366589321461349149e+00 1.990457005995253348e+04
1.368646342198911681e+00 2.015270118349388940e+04
1.370703362936474212e+00 1.998951817431233212e+04
1.372760383674036744e+00 2.005742742551249103e+04
1.374817404411599275e+00 1.993277990358567331e+04
1.376874425149161807e+00 2.023382612660738232e+04
1.378931445886724338e+00 2.016028605083941511e+04
1.380988466624286870e+00 2.049934474016350214e+04
1.383045487361849402e+00 2.060213172536716229e+04
1.385102508099411933e+00 2.061039460729864368e+04
1.387159528836974465e+00 2.037162776139599737e+04
1.389216549574536996e+00 2.023688083676178940e+04
1.391273570312099528e+00 2.010988148994107178e+04
1.393330591049662059e+00 1.998620351371933430e+04
1.395387611787224591e+00 2.029493558832248527e+04
1.397444632524787123e+00 2.033676766299543306e+04
1.399501653262349654e+00 2.017380055588611867e+04
1.401558673999911964e+00 2.030333760958017592e+04
1.403615694737474495e+00 2.045560381173081259e+04
1.405672715475037027e+00 2.012486065985106688e+04
1.407729736212599558e+00 2.016986977729848149e+04
1.409786756950162090e+00 2.018439125061863160e+04
1.411843777687724621e+00 1.993445484463521279e+04
1.413900798425287153e+00 2.022641316347227621e+04
1.415957819162849685e+00 2.026192848933580535e+04
1.418014839900412216e+00 2.017863034343990876e+04
1.420071860637974748e+00 2.025064219377974587e+04
1.422128881375537279e+00 2.035133093012079553e+04
1.424185902113099811e+00 2.057723971228196024e+04
1.426242922850662342e+00 2.037551158928312725e+04
1.428299943588224874e+00 2.087635439947240229e+04
1.430356964325787406e+00 2.069953029191329551e+04
1.432413985063349937e+00 2.098345034437574213e+04
1.434471005800912469e+00 2.115732422603270970e+04
1.436528026538475000e+00 2.169556118850829807e+04
1.438585047276037532e+00 2.168283784233567712e+04
1.440642068013600063e+00 2.212163086438484606e+04
1.442699088751162595e+00 2.249433974069599208e+04
1.444756109488725127e+00 2.285042587875924801e+04
1.446813130226287658e+00 2.337316034513870909e+04
1.448870150963850190e+00 2.400603000433973284e+04
1.450927171701412721e+00 2.509291967959680187e+04
1.452984192438975253e+00 2.581034746558647021e+04
1.455041213176537784e+00 2.669124336292432417e+04
1.457098233914100316e+00 2.807576014572743588e+04
1.459155254651662847e+00 2.917417593531732564e+04
1.461212275389225379e+00 3.089819232899458439e+04
1.463269296126787911e+00 3.233510210057297081e+04
1.465326316864350442e+00 3.418557546094537247e+04
1.467383337601912974e+00 3.555571726564259734e+04
1.469440358339475505e+00 3.673790545416613168e+04
1.471497379077038037e+00 3.708296211242744175e+04
1.473554399814600568e+00 3.703250649552914547e+04
1.475611420552163100e+00 3.728062698319199990e+04
1.477668441289725632e+00 3.658444827635429829e+04
1.479725462027288163e+00 3.606973808507167269e+04
1.481782482764850695e+00 3.542846378210376133e+04
1.483839503502413226e+00 3.535922708909815265e+04
1.485896524239975758e+00 3.501731814436415152e+04
1.487953544977538289e+00 3.509920596404514799e+04
1.490010565715100821e+00 3.509310389031737577e+04
1.492067586452663353e+00 3.533480363301896432e+04
1.494124607190225884e+00 3.528922257706348319e+04
1.496181627927788416e+00 3.535407558381268609e+04
1.498238648665350947e+00 3.508855345485050930e+04
1.500295669402913479e+00 3.526953496327556059e+04
1.502352690140476010e+00 3.518223533161020896e+04
1.504409710878038542e+00 3.516883262307054247e+04
1.506466731615601073e+00 3.504423384097102098e+04
1.508523752353163605e+00 3.476308960646373453e+04
1.510580773090726137e+00 3.416205176899619255e+04
1.512637793828288668e+00 3.397568687735696585e+04
1.514694814565851200e+00 3.374156295100207353e+04
1.516751835303413731e+00 3.341781993879906804e+04
1.518808856040976263e+00 3.341043230731420772e+04
1.520865876778538794e+00 3.287666418309764413e+04
1.522922897516101326e+00 3.260431968175522707e+04
1.524979918253663858e+00 3.229042470028301250e+04
1.527036938991226389e+00 3.213181472850283899e+04
1.529093959728788921e+00 3.174692468340267442e+04
1.531150980466351452e+00 3.129861270881518067e+04
1.533208001203913984e+00 3.077882540394732132e+04
1.535265021941476515e+00 3.065897449219433474e+04
1.537322042679039047e+00 3.008011590537926895e+04
1.539379063416601578e+00 2.998612992060519900e+04
1.541436084154164110e+00 2.951495124485460474e+04
1.543493104891726642e+00 2.914811777225728656e+04
1.545550125629289173e+00 2.910005282226053532e+04
1.547607146366851705e+00 2.889418012210626694e+04
1.549664167104414236e+00 3.006912775453989525e+04
