1.386912380132798413e-03 3.720000000000000000e+02
3.433120382780874280e-03 4.183967316062508871e+03
5.479328385428972048e-03 7.078061434286571966e+03
7.525536388076958794e-03 7.956374037110035715e+03
9.571744390725056562e-03 9.121997238362864664e+03
1.161795239337315433e-02 1.213778087763089206e+04
1.366416039602125210e-02 1.541557127272723483e+04
1.571036839866934987e-02 1.733087782827819683e+04
1.775657640131744763e-02 1.732899056989456585e+04
1.980278440396554540e-02 1.171494531134148565e+04
2.184899240661364317e-02 1.028831459419215753e+04
2.389520040926174094e-02 9.931700525749527515e+03
2.594140841190983870e-02 9.751380333511027857e+03
2.798761641455793647e-02 9.552983582696964731e+03
3.003382441720592322e-02 9.370766051912170951e+03
3.208003241985402099e-02 9.290517345693751849e+03
3.412624042250211875e-02 9.223084425379543973e+03
3.617244842515021652e-02 9.352878659761974632e+03
3.821865642779831429e-02 9.298449980147923270e+03
4.026486443044641206e-02 9.283563110127997788e+03
4.231107243309450983e-02 9.374801486015168848e+03
4.435728043574260759e-02 9.398792590389010002e+03
4.640348843839070536e-02 9.331203045245214525e+03
4.844969644103880313e-02 9.345917827530018258e+03
5.049590444368690090e-02 9.303101357447205373e+03
5.254211244633499867e-02 9.296565534453673536e+03
5.458832044898298541e-02 9.390235893307559309e+03
5.663452845163108318e-02 9.363221579198245308e+03
5.868073645427918095e-02 9.228003699264474562e+03
6.072694445692727871e-02 9.243473695564622176e+03
6.277315245957537648e-02 9.101589537855685194e+03
6.481936046222347425e-02 9.266161682849909994e+03
6.686556846487157202e-02 9.158348836485511129e+03
6.891177646751966979e-02 9.274607548221252728e+03
7.095798447016776755e-02 9.109031532995610178e+03
7.300419247281586532e-02 9.178278397495600075e+03
7.505040047546396309e-02 9.142522650675398836e+03
7.709660847811206086e-02 9.217780453260329523e+03
7.914281648076004760e-02 9.128777555071861570e+03
8.118902448340814537e-02 9.227234427129324104e+03
8.323523248605624314e-02 9.245923671517106413e+03
8.528144048870434091e-02 9.056057763840010011e+03
8.732764849135243868e-02 9.090156306378543377e+03
8.937385649400053644e-02 9.051566203196241986e+03
9.142006449664863421e-02 9.092611464258103297e+03
9.346627249929673198e-02 9.074199010189880937e+03
9.551248050194482975e-02 9.157365829885922722e+03
9.755868850459292752e-02 9.052762566656630952e+03
9.960489650724102528e-02 9.013410975191467514e+03
1.016511045098890120e-01 9.158883340960113856e+03
1.036973125125371098e-01 9.044742912038178474e+03
1.057435205151852076e-01 9.042254033020119095e+03
1.077897285178333053e-01 9.127877479938177203e+03
1.098359365204814031e-01 8.992103761275655415e+03
1.118821445231295009e-01 9.068959557257641791e+03
1.139283525257775986e-01 9.031082472575195425e+03
1.159745605284256964e-01 9.000351446138816755e+03
1.180207685310737942e-01 8.940473764054653657e+03
1.200669765337218364e-01 9.145153652020077061e+03
1.221131845363699342e-01 9.034078471751012330e+03
1.241593925390180320e-01 9.046199554765486027e+03
1.262056005416661297e-01 9.014161379347742695e+03
1.282518085443142275e-01 9.121756600175836866e+03
1.302980165469623253e-01 9.093090266690338467e+03
1.323442245496103675e-01 9.085248959401997126e+03
1.343904325522584653e-01 9.006557013040273887e+03
1.364366405549065631e-01 9.025212114355748781e+03
1.384828485575546608e-01 9.025472180111215494e+03
1.405290565602027586e-01 9.002487683977702545e+03
1.425752645628508564e-01 8.809675150442672020e+03
1.446214725654988986e-01 8.787763891797962060e+03
1.466676805681469964e-01 9.060109858147076011e+03
1.487138885707950942e-01 9.019858419595260784e+03
1.507600965734431919e-01 8.949301375488144913e+03
1.528063045760912897e-01 9.036925705543790173e+03
1.548525125787393319e-01 8.947687196463750297e+03
1.568987205813874297e-01 8.890962959878004767e+03
1.589449285840355275e-01 8.952910624384669063e+03
1.609911365866836253e-01 8.912358988121126458e+03
1.630373445893317230e-01 8.971924725684788427e+03
1.650835525919798208e-01 8.887006573354352440e+03
1.671297605946278630e-01 8.951617420423577641e+03
1.691759685972759608e-01 8.780805983725194892e+03
1.712221765999240586e-01 8.772562039782536885e+03
1.732683846025721563e-01 8.917940355593867935e+03
1.753145926052202541e-01 9.019962761173183026e+03
1.773608006078683519e-01 8.756656382030383611e+03
1.794070086105163941e-01 8.794152532867396076e+03
1.814532166131644919e-01 8.809492993175472293e+03
1.834994246158125897e-01 8.574751935464413691e+03
1.855456326184606874e-01 8.716178838886351514e+03
1.875918406211087852e-01 8.696692934167738713e+03
1.896380486237568830e-01 8.734570268337656671e+03
1.916842566264049252e-01 8.811386251975662162e+03
1.937304646290530230e-01 8.759221140785342868e+03
1.957766726317011208e-01 8.720084225869752117e+03
1.978228806343492185e-01 8.754245098752446211e+03
1.998690886369973163e-01 8.742670703359621257e+03
2.019152966396454141e-01 8.786099095986201064e+03
2.039615046422934563e-01 8.831572401228953822e+03
2.060077126449415541e-01 8.625692084129124851e+03
2.080539206475896519e-01 8.611242020078680071e+03
2.101001286502377496e-01 8.680573256766785562e+03
2.121463366528858474e-01 8.644631526193008540e+03
2.141925446555339452e-01 8.405308753625284226e+03
2.162387526581819874e-01 8.700975187918642405e+03
2.182849606608300852e-01 8.605398158093319580e+03
2.203311686634781830e-01 8.561205605926628778e+03
2.223773766661262807e-01 8.579155653503425128e+03
2.244235846687743785e-01 8.565218138603708212e+03
2.264697926714224208e-01 8.553429667097501806e+03
2.285160006740705185e-01 8.368857136825748967e+03
2.305622086767186163e-01 8.464087945094648603e+03
2.326084166793667141e-01 8.587114020577930205e+03
2.346546246820148118e-01 8.633761687085543599e+03
2.367008326846629096e-01 8.539844603535770148e+03
2.387470406873109519e-01 8.698049256552532825e+03
2.407932486899590496e-01 8.645300732618969050e+03
2.428394566926071474e-01 8.562129533029183222e+03
2.448856646952552452e-01 8.656440926972229136e+03
2.469318726979033429e-01 8.646636993188880297e+03
2.489780807005514407e-01 8.435414447864866816e+03
2.510242887031994830e-01 8.550461445777858899e+03
2.530704967058475807e-01 8.603882244696727867e+03
2.551167047084956785e-01 8.422770889388861178e+03
2.571629127111437763e-01 8.663524248944009742e+03
2.592091207137918740e-01 8.520714740573313975e+03
2.612553287164399718e-01 8.591762609530194823e+03
2.633015367190880140e-01 8.659827370815321046e+03
2.653477447217361118e-01 8.735329491889417113e+03
2.673939527243842096e-01 8.641658082730242313e+03
2.694401607270323074e-01 8.371090662541228085e+03
2.714863687296804051e-01 8.499430146831802631e+03
2.735325767323285029e-01 8.543688158473596559e+03
2.755787847349765451e-01 8.552552870367109790e+03
2.776249927376246429e-01 8.653711061361249449e+03
2.796712007402727407e-01 8.573345102920180580e+03
2.817174087429208384e-01 8.586209287652007333e+03
2.837636167455689362e-01 8.586113177598153925e+03
2.858098247482170340e-01 8.552618629435339244e+03
2.878560327508650762e-01 8.442965908981341272e+03
2.899022407535131740e-01 8.453103986180907668e+03
2.919484487561612718e-01 8.418437718729004700e+03
2.939946567588093695e-01 8.365271574789207079e+03
2.960408647614574673e-01 8.343281623175747882e+03
2.980870727641055096e-01 8.325350546426590881e+03
3.001332807667536073e-01 8.468096658821828896e+03
3.021794887694017051e-01 8.233791280809375166e+03
3.042256967720498029e-01 8.425300157690646301e+03
3.062719047746979006e-01 8.622452444989479773e+03
3.083181127773459984e-01 8.314248675377753898e+03
3.103643207799940407e-01 8.252377414985972791e+03
3.124105287826421384e-01 8.608010961505355226e+03
3.144567367852902362e-01 8.259243762616575623e+03
3.165029447879383340e-01 8.352627070168015052e+03
3.185491527905864317e-01 8.489461025645308837e+03
3.205953607932345295e-01 8.330801474036683430e+03
3.226415687958825718e-01 8.354898586038218127e+03
3.246877767985306695e-01 8.304364725195866413e+03
3.267339848011787673e-01 8.129858979996970447e+03
3.287801928038268651e-01 8.365301980383948830e+03
3.308264008064749628e-01 8.287133112183630146e+03
3.328726088091230606e-01 8.330605935634370326e+03
3.349188168117711029e-01 8.333322737252450679e+03
3.369650248144192006e-01 8.348969288672420589e+03
3.390112328170672984e-01 8.570585912355660184e+03
3.410574408197153962e-01 8.424281243459456164e+03
3.431036488223634939e-01 8.374030850815217491e+03
3.451498568250115917e-01 8.324293152766531421e+03
3.471960648276596340e-01 8.105336011799387052e+03
3.492422728303077317e-01 8.490550299572962103e+03
3.512884808329558295e-01 8.487063544078351697e+03
3.533346888356039273e-01 8.175136779129757997e+03
3.553808968382520250e-01 8.189931587114014292e+03
3.574271048409000673e-01 8.367213786557866115e+03
3.594733128435481651e-01 8.257141904685586269e+03
3.615195208461962628e-01 8.444806047510843200e+03
3.635657288488443606e-01 8.354331529984719964e+03
3.656119368514924584e-01 8.103728234800502833e+03
3.676581448541405006e-01 8.087536106284165726e+03
3.697043528567885984e-01 8.382106655617270007e+03
3.717505608594366961e-01 8.370314010169844551e+03
3.737967688620847939e-01 8.096721199659855301e+03
3.758429768647328917e-01 8.349334486675263179e+03
3.778891848673809895e-01 8.213073733836376050e+03
3.799353928700290872e-01 8.231477957445396896e+03
3.819816008726771850e-01 8.359860878716233856e+03
3.840278088753252272e-01 8.408751148941155407e+03
3.860740168779733250e-01 8.072969665299975532e+03
3.881202248806214228e-01 8.298933643538632168e+03
3.901664328832694650e-01 8.167737243266794394e+03
3.922126408859175628e-01 8.141651636279542799e+03
3.942588488885656606e-01 8.325839944787076092e+03
3.963050568912137583e-01 8.262779364122992774e+03
3.983512648938618561e-01 8.308990129336747486e+03
4.003974728965099539e-01 8.358315471644013087e+03
4.024436808991580516e-01 8.186462920855125958e+03
4.044898889018061494e-01 8.207228087947942186e+03
4.065360969044542472e-01 8.328228072211071776e+03
4.085823049071022894e-01 8.253079672201398353e+03
4.106285129097503872e-01 8.328013051645484666e+03
4.126747209123984850e-01 8.275629213466454530e+03
4.147209289150465272e-01 8.290111055071140072e+03
4.167671369176946250e-01 8.311052640135103502e+03
4.188133449203427228e-01 8.220818785771774856e+03
4.208595529229908205e-01 8.406869389647568823e+03
4.229057609256389183e-01 8.395685791232603151e+03
4.249519689282870161e-01 8.383693900870628568e+03
4.269981769309351138e-01 8.306071357757136866e+03
4.290443849335832116e-01 8.346760314390601707e+03
4.310905929362313094e-01 8.194574578883743015e+03
4.331368009388793516e-01 8.134472420794742902e+03
4.351830089415274494e-01 8.269186881324623755e+03
4.372292169441755472e-01 8.184800134631604124e+03
4.392754249468235894e-01 8.258215602236214181e+03
4.413216329494716872e-01 8.286737136336518233e+03
4.433678409521197850e-01 8.277209651877319629e+03
4.454140489547678827e-01 8.175017623283701141e+03
4.474602569574159805e-01 8.111072728158824248e+03
4.495064649600640783e-01 8.176457362587288117e+03
4.515526729627121760e-01 8.096384255209252842e+03
4.535988809653602738e-01 8.154608923073410551e+03
4.556450889680083161e-01 8.187051259995626424e+03
4.576912969706564138e-01 8.259502478768154106e+03
4.597375049733045116e-01 8.220911665895930128e+03
4.617837129759525538e-01 8.250180736969794452e+03
4.638299209786006516e-01 8.270198189566490328e+03
4.658761289812487494e-01 8.229941624176914047e+03
4.679223369838968472e-01 8.182581261642952086e+03
4.699685449865449449e-01 8.222011452878738055e+03
4.720147529891930427e-01 8.135137175036195003e+03
4.740609609918411405e-01 8.187997767940713857e+03
4.761071689944892382e-01 8.015560009595599695e+03
4.781533769971373360e-01 8.023981923552050830e+03
4.801995849997853782e-01 8.049825832266116777e+03
4.822457930024334760e-01 8.248897351343257469e+03
4.842920010050815738e-01 8.179785733954381612e+03
4.863382090077296160e-01 8.023824814707551013e+03
4.883844170103777138e-01 8.168066595835438420e+03
4.904306250130258116e-01 8.080799947255916777e+03
4.924768330156739093e-01 8.191376547136752379e+03
4.945230410183220071e-01 8.059584122718709295e+03
4.965692490209701049e-01 8.290901518591217609e+03
4.986154570236182026e-01 8.305629171134829448e+03
5.006616650262663004e-01 8.142829879719673045e+03
5.027078730289143982e-01 8.009686494300513004e+03
5.047540810315624960e-01 8.069802594190449781e+03
5.068002890342104827e-01 8.055246867009109337e+03
5.088464970368585805e-01 8.006986023207076869e+03
5.108927050395066782e-01 8.025103642413040689e+03
5.129389130421547760e-01 8.053210090786684304e+03
5.149851210448028738e-01 8.160045013429851679e+03
5.170313290474509715e-01 7.934145440161750230e+03
5.190775370500990693e-01 7.919532642777412548e+03
5.211237450527471671e-01 8.070180677007851045e+03
5.231699530553952648e-01 8.156045381572366750e+03
5.252161610580433626e-01 7.984832660413053418e+03
5.272623690606914604e-01 8.079447491115985031e+03
5.293085770633394471e-01 8.090866845597794963e+03
5.313547850659876559e-01 7.874574968074772187e+03
5.334009930686356427e-01 7.905232353608448648e+03
5.354472010712837404e-01 7.767260065861787552e+03
5.374934090739318382e-01 7.845834780945630882e+03
5.395396170765799360e-01 7.946535453382682135e+03
5.415858250792280337e-01 7.902429242496938969e+03
5.436320330818761315e-01 8.021506926339829079e+03
5.456782410845242293e-01 7.933150871303559143e+03
5.477244490871723270e-01 8.052108321447097296e+03
5.497706570898204248e-01 7.931929531859267627e+03
5.518168650924685226e-01 8.019336240000248836e+03
5.538630730951166203e-01 7.848444450744953429e+03
5.559092810977646071e-01 7.969555740176492691e+03
5.579554891004127049e-01 7.944062208894649302e+03
5.600016971030608026e-01 8.075787853388937947e+03
5.620479051057089004e-01 8.034525465794215961e+03
5.640941131083569982e-01 7.940432437601863057e+03
5.661403211110050959e-01 7.858636736318057046e+03
5.681865291136531937e-01 7.951928911311717457e+03
5.702327371163012915e-01 7.936156146724521022e+03
5.722789451189493892e-01 8.072188904378425832e+03
5.743251531215974870e-01 7.866794679557347081e+03
5.763713611242455848e-01 7.821106700249800269e+03
5.784175691268935715e-01 7.866841779303877047e+03
5.804637771295416693e-01 7.810737649214833255e+03
5.825099851321897670e-01 7.933501896645233501e+03
5.845561931348378648e-01 7.774384968039742489e+03
5.866024011374859626e-01 7.657768351069795244e+03
5.886486091401340603e-01 7.673464090679418405e+03
5.906948171427821581e-01 7.650782976884361233e+03
5.927410251454302559e-01 7.733625986150532299e+03
5.947872331480783537e-01 7.836916841202593787e+03
5.968334411507264514e-01 7.826575818575997801e+03
5.988796491533745492e-01 7.686404383715600488e+03
6.009258571560226470e-01 7.736433281131166950e+03
6.029720651586706337e-01 7.889335723911052810e+03
6.050182731613187315e-01 7.798515346793118624e+03
6.070644811639668292e-01 7.811590992228168943e+03
6.091106891666149270e-01 7.883282186631040531e+03
6.111568971692630248e-01 7.863472545972619628e+03
6.132031051719111225e-01 7.693983822957799021e+03
