1.267861493029251774e+00 1.991118038725231600e+04
1.269918513599422649e+00 1.960122319990630785e+04
1.271975534169593747e+00 1.958575450749625452e+04
1.274032554739764844e+00 1.967956873966749845e+04
1.276089575309935942e+00 1.969075255548887799e+04
1.278146595880106817e+00 1.967703706046949083e+04
1.280203616450277915e+00 1.945040474000184986e+04
1.282260637020448790e+00 1.961508304726585629e+04
1.284317657590619888e+00 1.935968646635762707e+04
1.286374678160790985e+00 1.935016193142960037e+04
1.288431698730961861e+00 1.924766581869772926e+04
1.290488719301132958e+00 1.917760369342532795e+04
1.292545739871303834e+00 1.922241605085810079e+04
1.294602760441474931e+00 1.917074893617734779e+04
1.296659781011646029e+00 1.931618789342472519e+04
1.298716801581816904e+00 1.895863103166479777e+04
1.300773822151988002e+00 1.910583491113633863e+04
1.302830842722158877e+00 1.930297464112907619e+04
1.304887863292329975e+00 1.912236424533617537e+04
1.306944883862501072e+00 1.910240170424589451e+04
1.309001904432671948e+00 1.890890446389411954e+04
1.311058925002843045e+00 1.893685415610960627e+04
1.313115945573013921e+00 1.866882173077404514e+04
1.315172966143185018e+00 1.894572453909306569e+04
1.317229986713356116e+00 1.884615410986664574e+04
1.319287007283526991e+00 1.860729020716104424e+04
1.321344027853698089e+00 1.878460745604590920e+04
1.323401048423868964e+00 1.850535189815279591e+04
1.325458068994040062e+00 1.864013954374312743e+04
1.327515089564211159e+00 1.867172693170321145e+04
1.329572110134382035e+00 1.850369595031147037e+04
1.331629130704553132e+00 1.850726193884804525e+04
1.333686151274724230e+00 1.845763636011579365e+04
1.335743171844895105e+00 1.833943722998114754e+04
1.337800192415066203e+00 1.840219833778427710e+04
1.339857212985237300e+00 1.838337315844016848e+04
1.341914233555408176e+00 1.846429709192430892e+04
1.343971254125579273e+00 1.830395162429906850e+04
1.346028274695750149e+00 1.835343076350587216e+04
1.348085295265921246e+00 1.812123517911057934e+04
1.350142315836092344e+00 1.839667846994068532e+04
1.352199336406263219e+00 1.801779235353172407e+04
1.354256356976434317e+00 1.790616698142940004e+04
1.356313377546605192e+00 1.813039535918831098e+04
1.358370398116776290e+00 1.807448048768927401e+04
1.360427418686947387e+00 1.806161475740874448e+04
1.362484439257118263e+00 1.823014673056476749e+04
1.364541459827289360e+00 1.808572312761419016e+04
1.366598480397460236e+00 1.802791307154687820e+04
1.368655500967631333e+00 1.818166767287508992e+04
1.370712521537802431e+00 1.819191650121214843e+04
1.372769542107973306e+00 1.807324990312585578e+04
1.374826562678144404e+00 1.804367639674462771e+04
1.376883583248315279e+00 1.828477916989012374e+04
1.378940603818486377e+00 1.837366492028401262e+04
1.380997624388657474e+00 1.858231127564708004e+04
1.383054644958828350e+00 1.862965469181061053e+04
1.385111665528999447e+00 1.857607541870165005e+04
1.387168686099170323e+00 1.816734239701847400e+04
1.389225706669341420e+00 1.818816707578394562e+04
1.391282727239512518e+00 1.835793672377284747e+04
1.393339747809683393e+00 1.831072499487845926e+04
1.395396768379854491e+00 1.833393278387453029e+04
1.397453788950025588e+00 1.824333375725199585e+04
1.399510809520196464e+00 1.837606625256927873e+04
1.401567830090367561e+00 1.824189012453064788e+04
1.403624850660538659e+00 1.831441135939484957e+04
1.405681871230709534e+00 1.838571193064979889e+04
1.407738891800880632e+00 1.844620109672555191e+04
1.409795912371051507e+00 1.830084529400864267e+04
1.411852932941222605e+00 1.828454428069759160e+04
1.413909953511393702e+00 1.845465569637800945e+04
1.415966974081564578e+00 1.860353431183067732e+04
1.418023994651735675e+00 1.851149345265865122e+04
1.420081015221906551e+00 1.865225433473638623e+04
1.422138035792077648e+00 1.867896337648465851e+04
1.424195056362248746e+00 1.883491915227291247e+04
1.426252076932419621e+00 1.909944095051728073e+04
1.428309097502590719e+00 1.926954740519436382e+04
1.430366118072761594e+00 1.944723678567781462e+04
1.432423138642932692e+00 1.989277457893529936e+04
1.434480159213103789e+00 2.018351897972361257e+04
1.436537179783274665e+00 2.039644083457828310e+04
1.438594200353445762e+00 2.126125134458755201e+04
1.440651220923616638e+00 2.193782291700131464e+04
1.442708241493787735e+00 2.277043171284674827e+04
1.444765262063958833e+00 2.372907689418337395e+04
1.446822282634129708e+00 2.503983302991521487e+04
1.448879303204300806e+00 2.646919595315437982e+04
1.450936323774471903e+00 2.706566741618992455e+04
1.452993344344642779e+00 2.781599632641330390e+04
1.455050364914813876e+00 2.820409283057703578e+04
1.457107385484984752e+00 2.840671205271226791e+04
1.459164406055155849e+00 2.813694708626933425e+04
1.461221426625326947e+00 2.784792765224777395e+04
1.463278447195497822e+00 2.755422674439610273e+04
1.465335467765668920e+00 2.746474671654772828e+04
1.467392488335840017e+00 2.737350890897885984e+04
1.469449508906010893e+00 2.749496359709992612e+04
1.471506529476181990e+00 2.756612478546126295e+04
1.473563550046352866e+00 2.769185793724660471e+04
1.475620570616523963e+00 2.821716071494633070e+04
1.477677591186695061e+00 2.831683353172375064e+04
1.479734611756865936e+00 2.854441857608411738e+04
1.481791632327037034e+00 2.908760515723533172e+04
1.483848652897207909e+00 2.975604754349082214e+04
1.485905673467379007e+00 3.023715768064945951e+04
1.487962694037550104e+00 3.087480624924348740e+04
1.490019714607720980e+00 3.144166006158259188e+04
1.492076735177892077e+00 3.170130276150949430e+04
1.494133755748062953e+00 3.214724681866148967e+04
1.496190776318234050e+00 3.241294635290979204e+04
1.498247796888405148e+00 3.297570316141638614e+04
1.500304817458576023e+00 3.322948312246736896e+04
1.502361838028747121e+00 3.364420896715406707e+04
1.504418858598917996e+00 3.397331656224253675e+04
1.506475879169089094e+00 3.437783809790537634e+04
1.508532899739260191e+00 3.451905118156733806e+04
1.510589920309431067e+00 3.492269311167055275e+04
1.512646940879602164e+00 3.512341588321540621e+04
1.514703961449773262e+00 3.522019917580556648e+04
1.516760982019944137e+00 3.558216999779581965e+04
1.518818002590115235e+00 3.593668990455416497e+04
1.520875023160286110e+00 3.609068404465639469e+04
1.522932043730457208e+00 3.658298213338882488e+04
1.524989064300628305e+00 3.661817010276042856e+04
1.527046084870799181e+00 3.684219553810029902e+04
1.529103105440970278e+00 3.705820391252778063e+04
1.531160126011141154e+00 3.731021887288271682e+04
1.533217146581312251e+00 3.771868136287968809e+04
1.535274167151483349e+00 3.779384233119020064e+04
1.537331187721654224e+00 3.844317223640719021e+04
1.539388208291825322e+00 3.887859686207408959e+04
1.541445228861996419e+00 3.916931559602967172e+04
1.543502249432167295e+00 3.942245985905404086e+04
1.545559270002338392e+00 3.969112466260691144e+04
1.547616290572509268e+00 4.032866911874212383e+04
1.549673311142680365e+00 4.232935520610415551e+04
