1.331633485843048336e-03 1.438068999590612975e+03
3.378026367736319813e-03 5.728639769542093745e+03
5.424419249629552908e-03 7.598327253650849343e+03
7.470812131522674981e-03 7.865018881576072999e+03
9.517205013415908077e-03 8.641732652265751312e+03
1.156359789530914117e-02 1.082036932643014734e+04
1.360999077720237427e-02 1.452353290430253764e+04
1.565638365909549634e-02 1.660211138057109929e+04
1.770277654098872944e-02 1.636402718958700643e+04
1.974916942288196253e-02 1.125729558134445688e+04
2.179556230477519563e-02 9.936519018778268219e+03
2.384195518666831770e-02 9.659630198181916057e+03
2.588834806856155080e-02 9.610210531165270368e+03
2.793474095045478389e-02 9.275714164055902074e+03
2.998113383234801699e-02 9.157807531891721737e+03
3.202752671424113906e-02 8.979746805941504135e+03
3.407391959613437216e-02 9.193540464216030159e+03
3.612031247802760525e-02 9.304820308635871697e+03
3.816670535992083835e-02 9.190305666018040938e+03
4.021309824181396042e-02 9.081562388883203312e+03
4.225949112370719352e-02 9.125239967332912784e+03
4.430588400560042661e-02 9.217546800350717604e+03
4.635227688749354868e-02 9.109774897959723603e+03
4.839866976938678178e-02 9.097564363480516477e+03
5.044506265128001488e-02 9.142978260480031167e+03
5.249145553317324797e-02 9.247989783054694271e+03
5.453784841506637004e-02 9.307358897066536883e+03
5.658424129695960314e-02 9.203224177386266092e+03
5.863063417885283624e-02 9.156084961959777502e+03
6.067702706074606933e-02 9.190721479222236667e+03
6.272341994263919140e-02 9.065495189817833307e+03
6.476981282453242450e-02 9.130598079231971496e+03
6.681620570642565760e-02 9.138219634348806721e+03
6.886259858831889069e-02 9.183768533921474955e+03
7.090899147021201276e-02 9.071269534561231922e+03
7.295538435210524586e-02 9.107582857625448014e+03
7.500177723399847896e-02 9.017494448262623337e+03
7.704817011589171205e-02 9.080361588235093222e+03
7.909456299778483412e-02 9.112093962379400182e+03
8.114095587967806722e-02 9.019616844991840480e+03
8.318734876157130032e-02 9.067338210468376928e+03
8.523374164346453341e-02 8.897133645056401292e+03
8.728013452535765548e-02 8.918681292264187505e+03
8.932652740725088858e-02 9.086225049364762526e+03
9.137292028914412167e-02 9.049177822833653408e+03
9.341931317103724375e-02 8.962855449625523761e+03
9.546570605293047684e-02 9.029413446067612313e+03
9.751209893482370994e-02 8.958773936570622027e+03
9.955849181671694303e-02 8.955369348742835427e+03
1.016048846986100651e-01 9.033489609023328740e+03
1.036512775805032982e-01 8.950984301523982140e+03
1.056976704623965313e-01 8.990852842795191464e+03
1.077440633442897644e-01 8.930726677472161100e+03
1.097904562261828865e-01 8.929974078569950507e+03
1.118368491080761196e-01 8.995443694252513524e+03
1.138832419899693527e-01 8.951012519149060608e+03
1.159296348718625302e-01 8.964874004542081821e+03
1.179760277537557633e-01 9.023256318420897514e+03
1.200224206356489409e-01 8.875878225274525903e+03
1.220688135175421740e-01 8.964285889237591618e+03
1.241152063994353516e-01 8.923457662467862974e+03
1.261615992813285847e-01 8.897395994017948397e+03
1.282079921632217623e-01 9.096622049939505814e+03
1.302543850451149954e-01 9.142112294779673903e+03
1.323007779270081730e-01 8.870370875333292133e+03
1.343471708089013505e-01 8.906553018727832750e+03
1.363935636907945836e-01 8.957325815192156369e+03
1.384399565726877612e-01 8.950718315414665994e+03
1.404863494545809943e-01 8.984010085736897963e+03
1.425327423364741719e-01 8.814685689161633491e+03
1.445791352183674050e-01 8.747140684648422393e+03
1.466255281002605826e-01 8.917668485028581927e+03
1.486719209821538157e-01 8.884493269974644136e+03
1.507183138640469933e-01 8.831721128528803092e+03
1.527647067459402264e-01 8.923834966229525890e+03
1.548110996278334039e-01 8.913066886157106637e+03
1.568574925097266370e-01 8.912023811113451302e+03
1.589038853916198146e-01 8.830079227988948332e+03
1.609502782735130477e-01 8.871940342651509127e+03
1.629966711554062253e-01 8.770430461515210482e+03
1.650430640372994584e-01 8.846611996739709866e+03
1.670894569191926360e-01 8.805614617758663371e+03
1.691358498010858691e-01 8.696783227165149583e+03
1.711822426829790467e-01 8.806432244671292210e+03
1.732286355648722798e-01 8.766424696237394528e+03
1.752750284467654573e-01 8.811651604548766045e+03
1.773214213286586349e-01 8.921315883145021871e+03
1.793678142105518680e-01 8.929015666520872401e+03
1.814142070924450456e-01 8.799167649510412957e+03
1.834605999743382787e-01 8.603950325428400902e+03
1.855069928562314563e-01 8.680600930853222962e+03
1.875533857381246894e-01 8.760271034941099060e+03
1.895997786200178670e-01 8.793332786470988140e+03
1.916461715019111001e-01 8.594922852294866971e+03
1.936925643838042777e-01 8.791185578150085348e+03
1.957389572656975107e-01 8.776306914081025752e+03
1.977853501475906883e-01 8.824089893308049795e+03
1.998317430294839214e-01 8.722916104795205683e+03
2.018781359113770990e-01 8.842905084083069596e+03
2.039245287932703321e-01 8.931008870341516740e+03
2.059709216751635097e-01 8.623827610935666598e+03
2.080173145570567428e-01 8.649853088972757178e+03
2.100637074389499204e-01 8.687911454310045883e+03
2.121101003208431535e-01 8.498708017900920822e+03
2.141564932027363310e-01 8.507387498479842179e+03
2.162028860846295641e-01 8.682262798198720702e+03
2.182492789665227417e-01 8.552020288956107834e+03
2.202956718484159193e-01 8.548054218780125666e+03
2.223420647303091524e-01 8.597118938137387886e+03
2.243884576122023300e-01 8.569707951283191505e+03
2.264348504940955631e-01 8.447683644652988733e+03
2.284812433759887407e-01 8.458249377008360170e+03
2.305276362578819738e-01 8.616911211720245774e+03
2.325740291397751514e-01 8.414169006582333168e+03
2.346204220216683844e-01 8.510970846609092405e+03
2.366668149035615620e-01 8.683472906936898653e+03
2.387132077854547951e-01 8.595356751813864321e+03
2.407596006673479727e-01 8.489115504473311375e+03
2.428059935492412058e-01 8.508453786249894620e+03
2.448523864311343834e-01 8.550795295262785658e+03
2.468987793130276165e-01 8.598356663220991322e+03
2.489451721949207941e-01 8.638437927839124313e+03
2.509915650768140272e-01 8.513352075495498866e+03
2.530379579587072048e-01 8.408848729112756700e+03
2.550843508406004378e-01 8.463938703571790029e+03
2.571307437224936154e-01 8.413811116023909563e+03
2.591771366043868485e-01 8.555025165342303808e+03
2.612235294862800261e-01 8.487555696863426419e+03
2.632699223681732592e-01 8.574927530130074956e+03
2.653163152500664368e-01 8.529270941713100910e+03
2.673627081319596144e-01 8.558964518157688872e+03
2.694091010138528475e-01 8.471581792147957458e+03
2.714554938957460251e-01 8.531202649416598433e+03
2.735018867776392582e-01 8.415140723055381386e+03
2.755482796595324357e-01 8.648212618457535427e+03
2.775946725414256688e-01 8.563959884280897313e+03
2.796410654233188464e-01 8.515914494557120634e+03
2.816874583052120795e-01 8.387801383606474701e+03
2.837338511871052571e-01 8.534736577361180025e+03
2.857802440689984902e-01 8.322023596222292326e+03
2.878266369508916678e-01 8.383952234537386175e+03
2.898730298327849009e-01 8.528790982029098814e+03
2.919194227146780785e-01 8.377509458011076276e+03
2.939658155965713116e-01 8.367176132112010237e+03
2.960122084784644891e-01 8.338871293660997253e+03
2.980586013603577222e-01 8.331345179573883797e+03
3.001049942422508998e-01 8.496471469000021898e+03
3.021513871241441329e-01 8.281777851943488713e+03
3.041977800060373105e-01 8.481854998451921347e+03
3.062441728879305436e-01 8.478127713516203585e+03
3.082905657698237212e-01 8.360065012333392588e+03
3.103369586517168988e-01 8.240915681200696781e+03
3.123833515336101319e-01 8.460865458990982006e+03
3.144297444155033094e-01 8.409655220205222577e+03
3.164761372973965425e-01 8.370541659680908197e+03
3.185225301792897201e-01 8.398558786689352928e+03
3.205689230611829532e-01 8.331664927263342179e+03
3.226153159430761308e-01 8.356418449947994304e+03
3.246617088249693639e-01 8.403236837688742526e+03
3.267081017068625415e-01 8.264416247850462241e+03
3.287544945887557746e-01 8.393611247447566711e+03
3.308008874706489522e-01 8.398666387661171029e+03
3.328472803525421853e-01 8.470794325954149826e+03
3.348936732344353628e-01 8.214063818319511483e+03
3.369400661163285959e-01 8.309161397833138835e+03
3.389864589982217735e-01 8.396860625779539987e+03
3.410328518801150066e-01 8.262974760113238517e+03
3.430792447620081842e-01 8.333493968055372534e+03
3.451256376439014173e-01 8.230100073984784103e+03
3.471720305257945949e-01 8.356869256759791824e+03
3.492184234076878280e-01 8.432190798576375528e+03
3.512648162895810056e-01 8.546919020445700880e+03
3.533112091714741831e-01 8.366200644290207492e+03
3.553576020533674162e-01 8.376071097032267062e+03
3.574039949352605938e-01 8.245446806318235758e+03
3.594503878171538269e-01 8.204653964918372367e+03
3.614967806990470045e-01 8.259453687776169318e+03
3.635431735809402376e-01 8.196749008306431278e+03
3.655895664628334707e-01 8.183593830534915469e+03
3.676359593447266483e-01 8.206918584379553067e+03
3.696823522266198259e-01 8.377956639571959386e+03
3.717287451085130590e-01 8.399366247102436319e+03
3.737751379904062365e-01 8.229464183230031267e+03
3.758215308722994141e-01 8.208244647595303832e+03
3.778679237541926472e-01 8.325348977974499576e+03
3.799143166360858803e-01 8.327770102439986658e+03
3.819607095179790579e-01 8.398024346857802811e+03
3.840071023998722355e-01 8.364336280970715961e+03
3.860534952817654686e-01 8.215867382424916286e+03
3.880998881636587017e-01 8.232672156610209640e+03
3.901462810455518793e-01 8.207079766646886128e+03
3.921926739274450568e-01 8.204838971843109903e+03
3.942390668093382899e-01 8.255923246132391796e+03
3.962854596912315230e-01 8.217721569314071530e+03
3.983318525731247006e-01 8.306544819373233622e+03
4.003782454550178782e-01 8.235154368704497756e+03
4.024246383369111113e-01 8.219586025949021860e+03
4.044710312188043444e-01 8.092379254445734659e+03
4.065174241006975220e-01 8.212012641147237446e+03
4.085638169825906996e-01 8.105383895685838070e+03
4.106102098644839327e-01 8.282221377843903610e+03
4.126566027463771658e-01 8.214418353206277970e+03
4.147029956282703433e-01 8.314070927626995399e+03
4.167493885101635209e-01 8.221687027651336393e+03
4.187957813920567540e-01 8.194122337328333742e+03
4.208421742739499316e-01 8.170300802408833988e+03
4.228885671558431092e-01 8.231652769300906584e+03
4.249349600377363423e-01 8.271870185492969540e+03
4.269813529196295754e-01 8.227777080428841145e+03
4.290277458015227530e-01 8.124065978950515273e+03
4.310741386834159306e-01 8.197553174150938503e+03
4.331205315653091636e-01 8.211069410393005455e+03
4.351669244472023967e-01 8.131174413525210184e+03
4.372133173290955743e-01 8.242446056044822399e+03
4.392597102109887519e-01 8.106071718538359164e+03
4.413061030928819850e-01 8.052098756996152588e+03
4.433524959747752181e-01 8.124223403534044337e+03
4.453988888566683957e-01 8.218845261377018687e+03
4.474452817385615733e-01 8.102897607490082009e+03
4.494916746204548064e-01 8.078902008418104742e+03
4.515380675023480395e-01 8.130893978661819347e+03
4.535844603842412170e-01 8.081729115591055233e+03
4.556308532661343946e-01 8.170269290416372314e+03
4.576772461480276277e-01 8.125472383832938249e+03
4.597236390299208608e-01 8.172384772270995200e+03
4.617700319118139829e-01 8.094548809956182595e+03
4.638164247937072160e-01 8.009677178728282342e+03
4.658628176756004491e-01 8.147814073758808263e+03
4.679092105574936267e-01 8.057190060926264778e+03
4.699556034393868043e-01 8.156598609358668909e+03
4.720019963212800373e-01 8.129636644243859337e+03
4.740483892031732704e-01 8.119228616380876701e+03
4.760947820850664480e-01 8.049331793384420962e+03
4.781411749669596256e-01 8.079161089889652430e+03
4.801875678488528587e-01 7.978031792765762475e+03
4.822339607307460918e-01 7.984818506296025589e+03
4.842803536126392694e-01 8.016792864568542427e+03
4.863267464945324470e-01 8.115292034617158606e+03
4.883731393764256801e-01 8.105529210833263278e+03
4.904195322583189132e-01 8.052403591864805094e+03
4.924659251402120907e-01 7.953548496064599021e+03
4.945123180221052683e-01 8.137483332936541956e+03
4.965587109039985014e-01 8.104606291229273666e+03
4.986051037858916790e-01 8.152054543528315662e+03
5.006514966677848566e-01 8.029340599739603931e+03
5.026978895496780897e-01 7.991250690915789164e+03
5.047442824315713228e-01 8.014154014530533459e+03
5.067906753134645559e-01 7.989779847029521079e+03
5.088370681953576780e-01 7.910422450278165343e+03
5.108834610772509111e-01 7.963011797393168308e+03
5.129298539591441441e-01 7.987138228466155851e+03
5.149762468410372662e-01 8.083662208602591818e+03
5.170226397229304993e-01 7.870769406403433095e+03
5.190690326048237324e-01 7.907339426502219794e+03
5.211154254867169655e-01 7.959247604984177087e+03
5.231618183686101986e-01 7.871440773965663539e+03
5.252082112505033207e-01 8.025230295670215128e+03
5.272546041323965538e-01 7.809542652290399019e+03
5.293009970142897869e-01 8.011418553695228184e+03
5.313473898961829089e-01 7.933949378019686264e+03
5.333937827780761420e-01 7.906677792674321609e+03
5.354401756599693751e-01 7.886760936924966700e+03
5.374865685418626082e-01 8.029447364377839222e+03
5.395329614237557303e-01 7.851778720041820634e+03
5.415793543056489634e-01 7.994441300008485086e+03
5.436257471875421965e-01 7.919282430674684292e+03
5.456721400694354296e-01 7.929896381444763392e+03
5.477185329513285517e-01 7.915190018298162613e+03
5.497649258332217848e-01 7.876042380504060930e+03
5.518113187151150179e-01 7.967083284934582480e+03
5.538577115970082509e-01 7.939440968573719147e+03
5.559041044789013730e-01 7.919429174618482648e+03
5.579504973607946061e-01 7.921653675937046501e+03
5.599968902426878392e-01 7.761585853446753390e+03
5.620432831245810723e-01 7.905053884954110799e+03
5.640896760064741944e-01 7.840454090420299508e+03
5.661360688883674275e-01 7.846899613184374175e+03
5.681824617702606606e-01 7.867395727182088194e+03
5.702288546521538937e-01 7.947151518704676164e+03
5.722752475340470157e-01 8.018662764938960208e+03
5.743216404159402488e-01 7.945933180616792015e+03
5.763680332978334819e-01 7.864093117278805039e+03
5.784144261797266040e-01 7.852396738696747889e+03
5.804608190616198371e-01 7.907950351913561462e+03
5.825072119435130702e-01 7.781366937694243461e+03
5.845536048254063033e-01 7.860373698369019621e+03
5.865999977072994254e-01 7.874710794104831621e+03
5.886463905891926585e-01 7.619575912243153653e+03
5.906927834710858916e-01 7.585297109710647419e+03
5.927391763529791247e-01 7.731296519951695700e+03
5.947855692348722467e-01 7.797931555788323749e+03
5.968319621167654798e-01 7.808368126377701628e+03
5.988783549986587129e-01 7.897866156654293263e+03
6.009247478805519460e-01 7.795677072907596084e+03
6.029711407624450681e-01 7.765224667263340052e+03
6.050175336443383012e-01 7.802113102180793248e+03
6.070639265262315343e-01 7.826162875639142840e+03
6.091103194081247674e-01 7.768401532877999671e+03
6.111567122900178894e-01 7.818199344811235278e+03
6.132031051719111225e-01 7.851773135573581385e+03
