1.267864548686070680e+00 1.998592116300569978e+04
1.269921569200444189e+00 1.986913834025157485e+04
1.271978589714817920e+00 1.987803459257265058e+04
1.274035610229191429e+00 1.984454679351209779e+04
1.276092630743565159e+00 1.975045914295615512e+04
1.278149651257938668e+00 1.978476176951330854e+04
1.280206671772312177e+00 1.980861442066077507e+04
1.282263692286685908e+00 1.976215832474940544e+04
1.284320712801059416e+00 1.949854477961309021e+04
1.286377733315433147e+00 1.930513575139283421e+04
1.288434753829806656e+00 1.934680962553999052e+04
1.290491774344180165e+00 1.939819158068220713e+04
1.292548794858553896e+00 1.925646884280488302e+04
1.294605815372927404e+00 1.927073725371067849e+04
1.296662835887301135e+00 1.929658653191044141e+04
1.298719856401674644e+00 1.927222903751368722e+04
1.300776876916048153e+00 1.927291965714173784e+04
1.302833897430421883e+00 1.915260143291408895e+04
1.304890917944795392e+00 1.911501141733520490e+04
1.306947938459169123e+00 1.906207525381355663e+04
1.309004958973542632e+00 1.883909452266867811e+04
1.311061979487916140e+00 1.898806722010502563e+04
1.313119000002289871e+00 1.888650674967749364e+04
1.315176020516663380e+00 1.879144459566002115e+04
1.317233041031036889e+00 1.862794228120685875e+04
1.319290061545410619e+00 1.874560250552348225e+04
1.321347082059784128e+00 1.888862509623411825e+04
1.323404102574157859e+00 1.868314915638691309e+04
1.325461123088531368e+00 1.865212693680338634e+04
1.327518143602904876e+00 1.855562850928855914e+04
1.329575164117278607e+00 1.873501425975646271e+04
1.331632184631652116e+00 1.842888090858978831e+04
1.333689205146025847e+00 1.833146921871600352e+04
1.335746225660399356e+00 1.837997976194667353e+04
1.337803246174772864e+00 1.833072186515468275e+04
1.339860266689146595e+00 1.841334662592125096e+04
1.341917287203520104e+00 1.825119250492102583e+04
1.343974307717893613e+00 1.808391162597669972e+04
1.346031328232267343e+00 1.821574618857352471e+04
1.348088348746640852e+00 1.812541950497266225e+04
1.350145369261014583e+00 1.819387701047381415e+04
1.352202389775388092e+00 1.804185698433676589e+04
1.354259410289761600e+00 1.797744037965668031e+04
1.356316430804135331e+00 1.796874111458151674e+04
1.358373451318508840e+00 1.770504422498680651e+04
1.360430471832882571e+00 1.782948401126182580e+04
1.362487492347256079e+00 1.791034011529549025e+04
1.364544512861629588e+00 1.780917098977219575e+04
1.366601533376003319e+00 1.769843033927975921e+04
1.368658553890376828e+00 1.763019566922265221e+04
1.370715574404750559e+00 1.770254867270018076e+04
1.372772594919124067e+00 1.775874295906531188e+04
1.374829615433497576e+00 1.763104787944514101e+04
1.376886635947871307e+00 1.772298900062320172e+04
1.378943656462244816e+00 1.789073709546789178e+04
1.381000676976618546e+00 1.825749543906096369e+04
1.383057697490992055e+00 1.843221952982780203e+04
1.385114718005365564e+00 1.840563878897135510e+04
1.387171738519739295e+00 1.805762562974958564e+04
1.389228759034112803e+00 1.816858292559252004e+04
1.391285779548486534e+00 1.804807653549731185e+04
1.393342800062860043e+00 1.809799824575686944e+04
1.395399820577233552e+00 1.821631148094689706e+04
1.397456841091607282e+00 1.796498614739915138e+04
1.399513861605980791e+00 1.786136998773961386e+04
1.401570882120354522e+00 1.818281635268256650e+04
1.403627902634728031e+00 1.781833933485809393e+04
1.405684923149101540e+00 1.805380133424575615e+04
1.407741943663475270e+00 1.813786537384050825e+04
1.409798964177848779e+00 1.822942733659758233e+04
1.411855984692222510e+00 1.818844856692795656e+04
1.413913005206596019e+00 1.812151448812126910e+04
1.415970025720969527e+00 1.822910873295209240e+04
1.418027046235343258e+00 1.805262090564931714e+04
1.420084066749716767e+00 1.817531485388900910e+04
1.422141087264090498e+00 1.829430876652733059e+04
1.424198107778464006e+00 1.828857880149305856e+04
1.426255128292837515e+00 1.851268552045022807e+04
1.428312148807211246e+00 1.874901457331493293e+04
1.430369169321584755e+00 1.878929270365354751e+04
1.432426189835958485e+00 1.904239876926832221e+04
1.434483210350331994e+00 1.927562001900441101e+04
1.436540230864705503e+00 1.988931077388148333e+04
1.438597251379079234e+00 2.015811394072274197e+04
1.440654271893452743e+00 2.064302718747535982e+04
1.442711292407826473e+00 2.141605190676437633e+04
1.444768312922199982e+00 2.211047375329750503e+04
1.446825333436573491e+00 2.307039045990513478e+04
1.448882353950947222e+00 2.433768422429636485e+04
1.450939374465320730e+00 2.539247312093955770e+04
1.452996394979694239e+00 2.608240678300908257e+04
1.455053415494067970e+00 2.630785806579776909e+04
1.457110436008441479e+00 2.624973482860790318e+04
1.459167456522815209e+00 2.576219202089137980e+04
1.461224477037188718e+00 2.486109121681113902e+04
1.463281497551562227e+00 2.393016238169218195e+04
1.465338518065935958e+00 2.300473463261357756e+04
1.467395538580309466e+00 2.242687473119375136e+04
1.469452559094683197e+00 2.174927275832273881e+04
1.471509579609056706e+00 2.122827222795662601e+04
1.473566600123430215e+00 2.095488405834644072e+04
1.475623620637803945e+00 2.080337231147299462e+04
1.477680641152177454e+00 2.046933923530847460e+04
1.479737661666551185e+00 2.050347578327119845e+04
1.481794682180924694e+00 2.025322201814569416e+04
1.483851702695298203e+00 2.032359553111095374e+04
1.485908723209671933e+00 2.040637644610576535e+04
1.487965743724045442e+00 2.037757795426436132e+04
1.490022764238419173e+00 2.058767959827610321e+04
1.492079784752792682e+00 2.065887994152852480e+04
1.494136805267166190e+00 2.085074053243509843e+04
1.496193825781539921e+00 2.103997237792857777e+04
1.498250846295913430e+00 2.130410161109363253e+04
1.500307866810287161e+00 2.144558530674609574e+04
1.502364887324660669e+00 2.176600492810105061e+04
1.504421907839034178e+00 2.185312575941024625e+04
1.506478928353407909e+00 2.217816776612509057e+04
1.508535948867781418e+00 2.240250981796949782e+04
1.510592969382154926e+00 2.277608617226643037e+04
1.512649989896528657e+00 2.333561565250804779e+04
1.514707010410902166e+00 2.391563513291880008e+04
1.516764030925275897e+00 2.461776990486342402e+04
1.518821051439649406e+00 2.547770627347988921e+04
1.520878071954022914e+00 2.611600550515489158e+04
1.522935092468396645e+00 2.691526253846269537e+04
1.524992112982770154e+00 2.741258050280042517e+04
1.527049133497143885e+00 2.818918799933943592e+04
1.529106154011517393e+00 2.886892257744071685e+04
1.531163174525890902e+00 2.965143178596130747e+04
1.533220195040264633e+00 3.114802076593569655e+04
1.535277215554638142e+00 3.407508723016462318e+04
1.537334236069011872e+00 3.792654579276368167e+04
1.539391256583385381e+00 4.262189809994521784e+04
1.541448277097758890e+00 4.821679378404590534e+04
1.543505297612132621e+00 5.329598309861376038e+04
1.545562318126506129e+00 5.712227046135628188e+04
1.547619338640879860e+00 6.153932067521335557e+04
1.549676359155253369e+00 6.778688161576609127e+04
