3.625355783079225840e-03 2.261209997567077608e+03
5.664409745480658565e-03 6.064053646336317797e+03
7.703463707881996747e-03 8.269823138261377608e+03
9.742517670283445952e-03 1.077030771874385027e+04
1.178157163268489516e-02 1.470571498891175179e+04
1.382062559508634436e-02 1.802312911239362438e+04
1.585967955748768254e-02 2.056079607779466460e+04
1.789873351988913175e-02 2.375680267876463768e+04
1.993778748229058095e-02 1.750797386149355589e+04
2.197684144469191914e-02 1.476036576545201024e+04
2.401589540709336834e-02 1.368625355846357161e+04
2.605494936949481755e-02 1.344146522566424028e+04
2.809400333189626675e-02 1.299439725309392088e+04
3.013305729429760493e-02 1.284403958951590903e+04
3.217211125669905414e-02 1.236499708350037872e+04
3.421116521910050334e-02 1.266911653716491674e+04
3.625021918150184153e-02 1.253897924619266087e+04
3.828927314390329073e-02 1.269674037455159487e+04
4.032832710630473994e-02 1.262242278023451217e+04
4.236738106870618914e-02 1.255251789720780289e+04
4.440643503110752732e-02 1.252096591749057188e+04
4.644548899350897653e-02 1.237959062022967373e+04
4.848454295591042573e-02 1.270068737914899611e+04
5.052359691831187494e-02 1.244341399816390185e+04
5.256265088071321312e-02 1.230917579821969593e+04
5.460170484311466232e-02 1.260250566639081080e+04
5.664075880551611153e-02 1.253225908430189520e+04
5.867981276791744971e-02 1.223388126896502581e+04
6.071886673031889892e-02 1.226567687145592026e+04
6.275792069272034812e-02 1.233603731131979293e+04
6.479697465512179733e-02 1.224974597107541194e+04
6.683602861752313551e-02 1.229155510576560300e+04
6.887508257992458471e-02 1.207371911528554119e+04
7.091413654232603392e-02 1.236481036125894752e+04
7.295319050472737210e-02 1.218397026691469364e+04
7.499224446712882131e-02 1.216505152243215889e+04
7.703129842953027051e-02 1.217164137271154686e+04
7.907035239193171972e-02 1.209870884408301936e+04
8.110940635433305790e-02 1.199864681575693612e+04
8.314846031673450710e-02 1.218948749705460614e+04
8.518751427913595631e-02 1.210904271773195978e+04
8.722656824153740551e-02 1.174516706535867161e+04
8.926562220393874370e-02 1.212377928256142695e+04
9.130467616634019290e-02 1.201706474480341240e+04
9.334373012874164210e-02 1.210859416866483480e+04
9.538278409114298029e-02 1.197477944269778891e+04
9.742183805354442949e-02 1.216765771847321776e+04
9.946089201594587870e-02 1.182627093007275107e+04
1.014999459783473279e-01 1.189708647455316532e+04
1.035389999407486661e-01 1.191743935510815936e+04
1.055780539031501153e-01 1.185618388418359427e+04
1.076171078655515645e-01 1.200101553691717709e+04
1.096561618279530137e-01 1.192900933304563659e+04
1.116952157903543519e-01 1.188297722473352951e+04
1.137342697527558011e-01 1.187785401682647171e+04
1.157733237151571948e-01 1.174901841590543154e+04
1.178123776775586440e-01 1.180048088179921979e+04
1.198514316399600377e-01 1.196729249360060930e+04
1.218904856023614869e-01 1.178421238633352550e+04
1.239295395647628806e-01 1.178146981471605977e+04
1.259685935271643298e-01 1.175913424562279215e+04
1.280076474895657235e-01 1.203540928595783225e+04
1.300467014519671172e-01 1.203864209090219629e+04
1.320857554143685664e-01 1.185356833947029008e+04
1.341248093767699601e-01 1.179230081370293010e+04
1.361638633391714093e-01 1.183978933821730607e+04
1.382029173015728030e-01 1.188106993990103729e+04
1.402419712639742522e-01 1.191545861739220709e+04
1.422810252263756459e-01 1.175396184843313677e+04
1.443200791887770951e-01 1.152158576259774782e+04
1.463591331511784888e-01 1.172237120213392518e+04
1.483981871135798825e-01 1.152067407206579992e+04
1.504372410759813317e-01 1.158765237599336615e+04
1.524762950383827254e-01 1.162024595109876282e+04
1.545153490007841746e-01 1.163313306744078363e+04
1.565544029631855683e-01 1.174672415281915710e+04
1.585934569255870175e-01 1.143484017012143158e+04
1.606325108879884112e-01 1.148745421094055200e+04
1.626715648503898604e-01 1.151074431675915002e+04
1.647106188127912541e-01 1.151205513102645091e+04
1.667496727751926477e-01 1.141457719014855866e+04
1.687887267375940969e-01 1.142058561882396680e+04
1.708277806999954906e-01 1.151633792567626006e+04
1.728668346623969398e-01 1.133645799058410194e+04
1.749058886247983335e-01 1.112811814780610803e+04
1.769449425871997827e-01 1.140310802103996866e+04
1.789839965496011764e-01 1.134030963431915006e+04
1.810230505120026256e-01 1.156818526727167227e+04
1.830621044744040193e-01 1.109566495934838895e+04
1.851011584368054130e-01 1.136497836286509846e+04
1.871402123992068622e-01 1.120577211159063154e+04
1.891792663616082559e-01 1.141102846627885810e+04
1.912183203240097051e-01 1.120436767773677639e+04
1.932573742864110988e-01 1.122335153591713606e+04
1.952964282488125480e-01 1.132962874252668371e+04
1.973354822112139417e-01 1.124606376030677347e+04
1.993745361736153909e-01 1.120760181394066421e+04
2.014135901360167846e-01 1.137902761695059235e+04
2.034526440984181783e-01 1.126936687045154940e+04
2.054916980608196275e-01 1.107086726683627421e+04
2.075307520232210212e-01 1.119321507275013937e+04
2.095698059856224704e-01 1.097346496365087660e+04
2.116088599480238641e-01 1.072060194615719047e+04
2.136479139104253133e-01 1.091258576380141676e+04
2.156869678728267070e-01 1.105922332031548285e+04
2.177260218352281562e-01 1.078047723320065415e+04
2.197650757976295499e-01 1.094249487217320893e+04
2.218041297600309436e-01 1.092273182719451506e+04
2.238431837224323928e-01 1.061860482757272621e+04
2.258822376848337865e-01 1.085339402184204664e+04
2.279212916472352357e-01 1.075503048084105103e+04
2.299603456096366294e-01 1.038119072494316060e+04
2.319993995720380786e-01 1.071737810019436074e+04
2.340384535344394723e-01 1.103115976592688276e+04
2.360775074968409215e-01 1.090459845819494149e+04
2.381165614592423152e-01 1.084685506896029983e+04
2.401556154216437644e-01 1.075863567645522016e+04
2.421946693840451581e-01 1.083798745850898013e+04
2.442337233464465518e-01 1.078761544988795504e+04
2.462727773088480010e-01 1.068823944175207362e+04
2.483118312712493947e-01 1.094190542360222025e+04
2.503508852336508439e-01 1.077509860360789935e+04
2.523899391960522376e-01 1.066266030868947382e+04
2.544289931584536868e-01 1.056929973862301995e+04
2.564680471208550805e-01 1.086118015085189472e+04
2.585071010832565297e-01 1.073364535078827612e+04
2.605461550456579234e-01 1.086037915111928851e+04
2.625852090080593171e-01 1.063034774729182027e+04
2.646242629704607663e-01 1.064331427463427281e+04
2.666633169328621600e-01 1.061120903879724756e+04
2.687023708952636092e-01 1.079854245490592439e+04
2.707414248576650029e-01 1.057198681896070048e+04
2.727804788200664521e-01 1.072578451532705367e+04
2.748195327824678458e-01 1.085773891599951094e+04
2.768585867448692950e-01 1.066586086293422341e+04
2.788976407072706887e-01 1.053760829994477899e+04
2.809366946696720824e-01 1.063603564168695448e+04
2.829757486320735316e-01 1.057276007516643585e+04
2.850148025944749253e-01 1.059956234995842169e+04
2.870538565568763745e-01 1.049276636329556823e+04
2.890929105192777682e-01 1.049439196322942917e+04
2.911319644816792174e-01 1.035950597277109046e+04
2.931710184440806111e-01 1.052696699585604256e+04
2.952100724064820603e-01 1.046285698634531946e+04
2.972491263688834540e-01 1.033553073096703156e+04
2.992881803312848477e-01 1.047881021466817401e+04
3.013272342936862969e-01 1.045747224144327811e+04
3.033662882560876906e-01 1.032522711400446678e+04
3.054053422184891398e-01 1.036578333477999695e+04
3.074443961808905335e-01 1.040145276544993794e+04
3.094834501432919827e-01 1.016148065079827757e+04
3.115225041056933764e-01 1.033695820229332821e+04
3.135615580680948256e-01 1.036880504807850957e+04
3.156006120304962193e-01 1.018655069510410976e+04
3.176396659928976129e-01 1.025908731132850517e+04
3.196787199552990621e-01 1.035911384775180886e+04
3.217177739177004558e-01 1.018484003005744671e+04
3.237568278801019050e-01 1.023587976033054838e+04
3.257958818425032987e-01 1.032293803026551723e+04
3.278349358049047479e-01 1.018397236123968287e+04
3.298739897673061416e-01 1.025072504604288952e+04
3.319130437297075908e-01 1.039581793241803643e+04
3.339520976921089845e-01 1.018838073081545735e+04
3.359911516545103782e-01 1.012007881264098614e+04
3.380302056169118274e-01 1.026787836168444119e+04
3.400692595793132211e-01 1.015468883276060660e+04
3.421083135417146703e-01 1.007774011082703146e+04
3.441473675041160640e-01 1.020536277216304916e+04
3.461864214665175132e-01 1.011765598343810962e+04
3.482254754289189069e-01 1.010978097269004684e+04
3.502645293913203561e-01 1.034891651623777761e+04
3.523035833537217498e-01 1.026146701013201891e+04
3.543426373161231435e-01 1.013190167797187860e+04
3.563816912785245927e-01 1.002999885122620981e+04
3.584207452409259864e-01 1.018424149433626917e+04
3.604597992033274356e-01 1.003624404037353088e+04
3.624988531657288293e-01 1.011156274731313897e+04
3.645379071281302785e-01 1.013682374583778255e+04
3.665769610905316722e-01 9.959560565965144633e+03
3.686160150529330659e-01 9.834951306355800625e+03
3.706550690153345151e-01 1.011798332248005318e+04
3.726941229777359643e-01 9.677617117691528620e+03
3.747331769401373580e-01 1.012055085505370153e+04
3.767722309025387517e-01 1.020693026225169888e+04
3.788112848649402009e-01 9.819754591462144163e+03
3.808503388273415946e-01 1.004677167893284604e+04
3.828893927897429883e-01 1.013699574405968451e+04
3.849284467521444375e-01 1.024803678457123351e+04
3.869675007145458867e-01 9.953146186703506828e+03
3.890065546769472804e-01 9.936029599768851767e+03
3.910456086393486741e-01 9.903442189275772762e+03
3.930846626017501233e-01 1.004601928187609519e+04
3.951237165641515725e-01 9.984523102941930119e+03
3.971627705265529662e-01 1.012593202162284433e+04
3.992018244889543599e-01 1.008604579456427564e+04
4.012408784513558091e-01 9.993132830332597223e+03
4.032799324137572028e-01 9.858782819087802636e+03
4.053189863761585965e-01 9.982574181922384014e+03
4.073580403385600457e-01 1.007347429703747184e+04
4.093970943009614949e-01 9.931702009553137032e+03
4.114361482633628886e-01 9.867440995069739074e+03
4.134752022257642823e-01 9.910918124196105055e+03
4.155142561881657315e-01 1.013927055197989102e+04
4.175533101505671252e-01 9.932253107354737949e+03
4.195923641129685189e-01 9.976051790392299154e+03
4.216314180753699681e-01 9.945013566881332736e+03
4.236704720377714173e-01 1.017458854523041737e+04
4.257095260001728110e-01 1.011378598383732970e+04
4.277485799625742047e-01 9.916734410268378269e+03
4.297876339249756539e-01 9.787535149958395778e+03
4.318266878873771031e-01 9.825991716237449509e+03
4.338657418497784968e-01 9.956333053972997732e+03
4.359047958121798905e-01 9.742791812224082605e+03
4.379438497745813397e-01 1.004967940398219616e+04
4.399829037369827334e-01 9.908280192034471838e+03
4.420219576993841271e-01 9.776198764933837083e+03
4.440610116617855763e-01 9.866736951249704362e+03
4.461000656241870255e-01 9.977465895296159943e+03
4.481391195865884192e-01 9.901147933128329896e+03
4.501781735489898129e-01 9.658824682478450995e+03
4.522172275113912621e-01 9.935121855441515436e+03
4.542562814737927113e-01 9.860448295511192555e+03
4.562953354361940494e-01 9.845356516059538990e+03
4.583343893985954987e-01 9.780343783396285289e+03
4.603734433609969479e-01 9.728927428551238336e+03
4.624124973233983416e-01 9.838696694436628604e+03
4.644515512857997352e-01 9.862188777827426748e+03
4.664906052482011845e-01 9.817854167005449199e+03
4.685296592106026337e-01 9.762582360497006448e+03
4.705687131730040274e-01 9.782717148624145921e+03
4.726077671354054210e-01 9.733289555903866130e+03
4.746468210978068702e-01 9.711696556837232492e+03
4.766858750602082639e-01 9.663613149163948037e+03
4.787249290226096576e-01 9.840523600938546224e+03
4.807639829850111068e-01 9.552568380684748263e+03
4.828030369474125560e-01 9.719102951376546116e+03
4.848420909098139497e-01 9.650492753096516026e+03
4.868811448722153434e-01 9.743063290158775999e+03
4.889201988346167926e-01 9.715803755875040224e+03
4.909592527970181863e-01 9.668217276108141959e+03
4.929983067594196355e-01 9.778806446910828527e+03
4.950373607218210292e-01 9.694495718014011800e+03
4.970764146842224784e-01 9.829287368038218119e+03
4.991154686466238721e-01 9.855783129811439721e+03
5.011545226090252658e-01 9.678803319368133089e+03
5.031935765714267150e-01 9.704470245431130024e+03
5.052326305338281642e-01 9.606251945753456312e+03
5.072716844962295024e-01 9.681938015932913913e+03
5.093107384586309516e-01 9.588238735810329672e+03
5.113497924210324008e-01 9.484863294881397451e+03
5.133888463834338500e-01 9.518363178050332863e+03
5.154279003458351882e-01 9.479804785157721199e+03
5.174669543082366374e-01 9.546394340790029673e+03
5.195060082706380866e-01 9.481587287554237264e+03
5.215450622330395358e-01 9.362615764322225004e+03
5.235841161954408740e-01 9.672799236513339565e+03
5.256231701578423232e-01 9.396300568594759170e+03
5.276622241202437724e-01 9.470527877762722710e+03
5.297012780826451106e-01 9.453787170025076193e+03
5.317403320450465598e-01 9.511405188692282536e+03
5.337793860074480090e-01 9.372444228653446771e+03
5.358184399698493472e-01 9.430884631166987674e+03
5.378574939322507964e-01 9.410138404436249402e+03
5.398965478946522456e-01 9.345365289985642448e+03
5.419356018570536948e-01 9.487090839753844193e+03
5.439746558194550330e-01 9.492953698150386117e+03
5.460137097818564822e-01 9.273757708033968811e+03
5.480527637442579314e-01 9.534672370465577842e+03
5.500918177066593806e-01 9.451794172814130434e+03
5.521308716690607188e-01 9.471189424773800056e+03
5.541699256314621680e-01 9.385459465390609694e+03
5.562089795938636172e-01 9.473753759032801099e+03
5.582480335562649554e-01 9.448404453043009198e+03
5.602870875186664046e-01 9.510863753997062304e+03
5.623261414810678538e-01 9.511996563583312309e+03
5.643651954434693030e-01 9.333836817975685335e+03
5.664042494058706412e-01 9.406779644728356288e+03
5.684433033682720904e-01 9.408498455076953178e+03
5.704823573306735396e-01 9.482639462346118307e+03
5.725214112930749888e-01 9.478022255144012888e+03
5.745604652554763270e-01 9.378407157895160708e+03
5.765995192178777762e-01 9.343590547431980667e+03
5.786385731802792254e-01 9.364741380232611846e+03
5.806776271426805636e-01 9.261467723013916839e+03
5.827166811050820128e-01 9.407551397459199507e+03
5.847557350674834620e-01 9.241660248686472187e+03
5.867947890298849112e-01 9.242401810168026714e+03
5.888338429922862494e-01 9.084514543683451848e+03
5.908728969546876986e-01 9.138142773981202481e+03
5.929119509170891478e-01 9.303104737891881086e+03
5.949510048794905970e-01 9.269099072209382939e+03
5.969900588418919352e-01 9.238477105325895536e+03
5.990291128042933844e-01 9.191062729280683925e+03
6.010681667666948336e-01 9.154200788010457472e+03
6.031072207290961718e-01 9.098220725101071366e+03
6.051462746914976210e-01 9.171917928178689181e+03
6.071853286538990702e-01 9.239167658816453695e+03
6.092243826163005194e-01 9.246552467851486654e+03
6.112634365787018575e-01 9.088733554598282353e+03
6.133024905411033068e-01 9.095823592894026660e+03
