1.320577706982048937e-03 5.241355036920712109e+02
3.367229159764395519e-03 5.004256496509906356e+03
5.413880612546773108e-03 7.314054478361626025e+03
7.460532065329150697e-03 8.024012512112365584e+03
9.507183518111417264e-03 8.865343658825529928e+03
1.155383497089379485e-02 1.170654547443048614e+04
1.360048642367617244e-02 1.539212128216655401e+04
1.564713787645855003e-02 1.711254523909681302e+04
1.769378932924092762e-02 1.696419777777493437e+04
1.974044078202330521e-02 1.195372827526639412e+04
2.178709223480568280e-02 1.049381467713402162e+04
2.383374368758806039e-02 1.012240665233126310e+04
2.588039514037043798e-02 9.813813259126029152e+03
2.792704659315270455e-02 9.468522531631453603e+03
2.997369804593508213e-02 9.434025561253212800e+03
3.202034949871745972e-02 9.278908580953268029e+03
3.406700095149983731e-02 9.535544550033138876e+03
3.611365240428221490e-02 9.534437470162807585e+03
3.816030385706459249e-02 9.504275207845637851e+03
4.020695530984697008e-02 9.496871824199744879e+03
4.225360676262934767e-02 9.546086443996517119e+03
4.430025821541161424e-02 9.421792205940093481e+03
4.634690966819399183e-02 9.418072479912127164e+03
4.839356112097636942e-02 9.358672226504626451e+03
5.044021257375874701e-02 9.292467188405709749e+03
5.248686402654112459e-02 9.462206982952186081e+03
5.453351547932350218e-02 9.583902685623897924e+03
5.658016693210587977e-02 9.454560897885054146e+03
5.862681838488825736e-02 9.368789970607527721e+03
6.067346983767063495e-02 9.378303386936460811e+03
6.272012129045290152e-02 9.450718822214355896e+03
6.476677274323527911e-02 9.367999818178926944e+03
6.681342419601765670e-02 9.288904375474816334e+03
6.886007564880003429e-02 9.397645418115916982e+03
7.090672710158241188e-02 9.357355666787521841e+03
7.295337855436478947e-02 9.431403053792810169e+03
7.500003000714716705e-02 9.478713485212507294e+03
7.704668145992954464e-02 9.379090419170119276e+03
7.909333291271192223e-02 9.489935386946890503e+03
8.113998436549418880e-02 9.396438044706193978e+03
8.318663581827656639e-02 9.240404258649788972e+03
8.523328727105894398e-02 9.376420937475077153e+03
8.727993872384132157e-02 9.196243533593109532e+03
8.932659017662369916e-02 9.360719426493255014e+03
9.137324162940607675e-02 9.314440191595957003e+03
9.341989308218845434e-02 9.374574974553303036e+03
9.546654453497083193e-02 9.372197978667352800e+03
9.751319598775320951e-02 9.338954120983426037e+03
9.955984744053547608e-02 9.262678665460585762e+03
1.016064988933178537e-01 9.248824710167271405e+03
1.036531503461002313e-01 9.265643197543127826e+03
1.056998017988826088e-01 9.240934578649035757e+03
1.077464532516649864e-01 9.303129213835483824e+03
1.097931047044473640e-01 9.232562885325487514e+03
1.118397561572297416e-01 9.306597257988278216e+03
1.138864076100120637e-01 9.235414290240656555e+03
1.159330590627944413e-01 9.208790234266494735e+03
1.179797105155768189e-01 9.197902802677866930e+03
1.200263619683591965e-01 9.252799643619206108e+03
1.220730134211415185e-01 9.216866303619426617e+03
1.241196648739238961e-01 9.182932018234401767e+03
1.261663163267062737e-01 9.289821011333255228e+03
1.282129677794886513e-01 9.313682535987685696e+03
1.302596192322709734e-01 9.396551876692330552e+03
1.323062706850533510e-01 9.131163506291264639e+03
1.343529221378357286e-01 9.221046220739010096e+03
1.363995735906181062e-01 9.041088234405679032e+03
1.384462250434004837e-01 9.199434131723606697e+03
1.404928764961828058e-01 9.118169741740253812e+03
1.425395279489651834e-01 9.028235579035615956e+03
1.445861794017475610e-01 8.982634106685476581e+03
1.466328308545299386e-01 9.174034102621561033e+03
1.486794823073122607e-01 9.167998712668517328e+03
1.507261337600946383e-01 9.143695639039924572e+03
1.527727852128770158e-01 9.170266987713477647e+03
1.548194366656593934e-01 9.235950989846638549e+03
1.568660881184417710e-01 8.926529437419212627e+03
1.589127395712240931e-01 9.019999301293470126e+03
1.609593910240064707e-01 9.099436485443462516e+03
1.630060424767888483e-01 9.084847895580584009e+03
1.650526939295712259e-01 8.992929132420349561e+03
1.670993453823535480e-01 9.039252616030516947e+03
1.691459968351359255e-01 9.103779870570380808e+03
1.711926482879183031e-01 9.014996530098862422e+03
1.732392997407006807e-01 9.001776093754671820e+03
1.752859511934830028e-01 9.044807245995820267e+03
1.773326026462653804e-01 9.145061203942195789e+03
1.793792540990477580e-01 9.022959704824672372e+03
1.814259055518301356e-01 9.001147077631794673e+03
1.834725570046125132e-01 8.839325700390865677e+03
1.855192084573948352e-01 9.041997882949985069e+03
1.875658599101772128e-01 8.991999772043467601e+03
1.896125113629595904e-01 8.969997461488666886e+03
1.916591628157419680e-01 8.982747047505532464e+03
1.937058142685242901e-01 8.891474691871120740e+03
1.957524657213066677e-01 9.126270750634101205e+03
1.977991171740890453e-01 9.036599554039750728e+03
1.998457686268714228e-01 8.910346913035278703e+03
2.018924200796538004e-01 8.988466674919212892e+03
2.039390715324361225e-01 9.022515973625737388e+03
2.059857229852185001e-01 8.930318182611104930e+03
2.080323744380008777e-01 8.730911304182225649e+03
2.100790258907832553e-01 8.975635138397965420e+03
2.121256773435655774e-01 8.821699012719556777e+03
2.141723287963479549e-01 8.775909457825802747e+03
2.162189802491303325e-01 8.953698667947477588e+03
2.182656317019127101e-01 8.823811427230757545e+03
2.203122831546950877e-01 8.762201011028095309e+03
2.223589346074774098e-01 8.819027839056036100e+03
2.244055860602597874e-01 8.816744948347954050e+03
2.264522375130421650e-01 8.726111615824664113e+03
2.284988889658245426e-01 8.788250959858185524e+03
2.305455404186068646e-01 8.774261509028496221e+03
2.325921918713892422e-01 8.584796212841365559e+03
2.346388433241716198e-01 8.782926896733597459e+03
2.366854947769539974e-01 8.718422508562411167e+03
2.387321462297363195e-01 8.768836869569882765e+03
2.407787976825186971e-01 8.895263598359721072e+03
2.428254491353010747e-01 8.844938724439161888e+03
2.448721005880834523e-01 8.708741358288687479e+03
2.469187520408658298e-01 8.708688013814367878e+03
2.489654034936481519e-01 8.903647796637880674e+03
2.510120549464305295e-01 8.673418743292129875e+03
2.530587063992129071e-01 8.569139847480168100e+03
2.551053578519952847e-01 8.492053988622374163e+03
2.571520093047776068e-01 8.712868812112314117e+03
2.591986607575599844e-01 8.619420329700009461e+03
2.612453122103423619e-01 8.598485625090630492e+03
2.632919636631247395e-01 8.677956933405392192e+03
2.653386151159071171e-01 8.794947266225844942e+03
2.673852665686894392e-01 8.633024281291534862e+03
2.694319180214718168e-01 8.737494173822937228e+03
2.714785694742541944e-01 8.668357906589779304e+03
2.735252209270365720e-01 8.636633311348148709e+03
2.755718723798188940e-01 8.745718851871471998e+03
2.776185238326012716e-01 8.747263209486722189e+03
2.796651752853836492e-01 8.700603116510668769e+03
2.817118267381660268e-01 8.572752332995463803e+03
2.837584781909483489e-01 8.607861127492891683e+03
2.858051296437307265e-01 8.715971268741734093e+03
2.878517810965131041e-01 8.543926779392368189e+03
2.898984325492954817e-01 8.520774880023842343e+03
2.919450840020778593e-01 8.586144529029445039e+03
2.939917354548601813e-01 8.621840943747271012e+03
2.960383869076425589e-01 8.598036366770358654e+03
2.980850383604249365e-01 8.534768681893829125e+03
3.001316898132073141e-01 8.517202172176706881e+03
3.021783412659896362e-01 8.548093322832381091e+03
3.042249927187720138e-01 8.474684268532755596e+03
3.062716441715543914e-01 8.849844754435023788e+03
3.083182956243367689e-01 8.589023279633765924e+03
3.103649470771191465e-01 8.580540004873306316e+03
3.124115985299014686e-01 8.609472891128063566e+03
3.144582499826838462e-01 8.636759449254906940e+03
3.165049014354662238e-01 8.425837897738327229e+03
3.185515528882486014e-01 8.459922224602174538e+03
3.205982043410309235e-01 8.603943417279959249e+03
3.226448557938133010e-01 8.504451949609974690e+03
3.246915072465956786e-01 8.568534018188314803e+03
3.267381586993780562e-01 8.463521094359168274e+03
3.287848101521603783e-01 8.574777529355134902e+03
3.308314616049427559e-01 8.630280412583713769e+03
3.328781130577251335e-01 8.456767325155828075e+03
3.349247645105075111e-01 8.360473841401733807e+03
3.369714159632898887e-01 8.546724914034653921e+03
3.390180674160722107e-01 8.596983118403040862e+03
3.410647188688545883e-01 8.423009868106380964e+03
3.431113703216369659e-01 8.514245893339621034e+03
3.451580217744193435e-01 8.476365297143351199e+03
3.472046732272016656e-01 8.362816410401335816e+03
3.492513246799840432e-01 8.630283305491035208e+03
3.512979761327664208e-01 8.675704471855402517e+03
3.533446275855487984e-01 8.542065904539111216e+03
3.553912790383311759e-01 8.484848487806691992e+03
3.574379304911134980e-01 8.475499757169978693e+03
3.594845819438958756e-01 8.381880463405406772e+03
3.615312333966782532e-01 8.422020468632495977e+03
3.635778848494606308e-01 8.281024891342380215e+03
3.656245363022430084e-01 8.334786580799518561e+03
3.676711877550253305e-01 8.234592656102850015e+03
3.697178392078077080e-01 8.412813753236525372e+03
3.717644906605900301e-01 8.613659310080704017e+03
3.738111421133724077e-01 8.428891256536973742e+03
3.758577935661547853e-01 8.531895526669512037e+03
3.779044450189371629e-01 8.465128677484173750e+03
3.799510964717195405e-01 8.278682477330467009e+03
3.819977479245019181e-01 8.430187757020707068e+03
3.840443993772842957e-01 8.498051598344063677e+03
3.860910508300666177e-01 8.351256453119132857e+03
3.881377022828489953e-01 8.329889028947363840e+03
3.901843537356313174e-01 8.365146581859065918e+03
3.922310051884136950e-01 8.323694126993352256e+03
3.942776566411960726e-01 8.463435593231182793e+03
3.963243080939784502e-01 8.359992234081955758e+03
3.983709595467608278e-01 8.411720952695803135e+03
4.004176109995432054e-01 8.395136368040457455e+03
4.024642624523255829e-01 8.261607291216727390e+03
4.045109139051079050e-01 8.138603152932253579e+03
4.065575653578902826e-01 8.427777140495129061e+03
4.086042168106726047e-01 8.302471017472709718e+03
4.106508682634549823e-01 8.298401319013266402e+03
4.126975197162373599e-01 8.372793589966357104e+03
4.147441711690197375e-01 8.344472654910252459e+03
4.167908226218021150e-01 8.433160325700777321e+03
4.188374740745844926e-01 8.396604292040468863e+03
4.208841255273668702e-01 8.346287345139213357e+03
4.229307769801491923e-01 8.584663357988883945e+03
4.249774284329315699e-01 8.477134545097500450e+03
4.270240798857138920e-01 8.279571489461803139e+03
4.290707313384962696e-01 8.411995982572763751e+03
4.311173827912786471e-01 8.396753824734474620e+03
4.331640342440610247e-01 8.382781313289026002e+03
4.352106856968434023e-01 8.272433887104276437e+03
4.372573371496257799e-01 8.331947087786269549e+03
4.393039886024081575e-01 8.300782733053907577e+03
4.413506400551904796e-01 8.329965396326462724e+03
4.433972915079728572e-01 8.397808268147693525e+03
4.454439429607551793e-01 8.351164383988903865e+03
4.474905944135375568e-01 8.303235239535464643e+03
4.495372458663199344e-01 8.270791650987703179e+03
4.515838973191023120e-01 8.209104201333413585e+03
4.536305487718846896e-01 8.279840308212120362e+03
4.556772002246670672e-01 8.252093887554308822e+03
4.577238516774493893e-01 8.181633905783656701e+03
4.597705031302317669e-01 8.385956336085146177e+03
4.618171545830141445e-01 8.237013891557460738e+03
4.638638060357964665e-01 8.355056484046050173e+03
4.659104574885788441e-01 8.361325760901831018e+03
4.679571089413612217e-01 8.303299828581468319e+03
4.700037603941435993e-01 8.235228398483173805e+03
4.720504118469259769e-01 8.117050599696325662e+03
4.740970632997083545e-01 8.222815802308410639e+03
4.761437147524906766e-01 8.110669000748966027e+03
4.781903662052730541e-01 8.045272218574404178e+03
4.802370176580553762e-01 8.100084271705247374e+03
4.822836691108377538e-01 8.200620239119280086e+03
4.843303205636201314e-01 8.158831038114622061e+03
4.863769720164025090e-01 8.174806635759533492e+03
4.884236234691848866e-01 8.161997356559400941e+03
4.904702749219672642e-01 8.213262528183870018e+03
4.925169263747495862e-01 8.257342896719221244e+03
4.945635778275319638e-01 8.304168969920159725e+03
4.966102292803143414e-01 8.473495683393291984e+03
4.986568807330967190e-01 8.361519092885237114e+03
5.007035321858790411e-01 8.099077407614757249e+03
5.027501836386614187e-01 8.121438983877640567e+03
5.047968350914437963e-01 8.175142886980743242e+03
5.068434865442261739e-01 8.062526334935188061e+03
5.088901379970085515e-01 8.156420531077266787e+03
5.109367894497909290e-01 8.150232465576858885e+03
5.129834409025733066e-01 8.113362746091326699e+03
5.150300923553556842e-01 8.313744508343677808e+03
5.170767438081379508e-01 8.055825057863576149e+03
5.191233952609203284e-01 8.091756675728250229e+03
5.211700467137027060e-01 8.076551333565962523e+03
5.232166981664850836e-01 8.015594602790239151e+03
5.252633496192674611e-01 8.058707625728025960e+03
5.273100010720498387e-01 8.121793050136566308e+03
5.293566525248322163e-01 8.013588046801072778e+03
5.314033039776144829e-01 8.069383622983170426e+03
5.334499554303968605e-01 7.983882208731562059e+03
5.354966068831792381e-01 8.103030170117563102e+03
5.375432583359616157e-01 8.025869735416278672e+03
5.395899097887439932e-01 8.086507405321857732e+03
5.416365612415263708e-01 8.033171075534110059e+03
5.436832126943087484e-01 8.032131119587264948e+03
5.457298641470911260e-01 8.004617796956919847e+03
5.477765155998735036e-01 7.771841696519472862e+03
5.498231670526558812e-01 7.955968247959766813e+03
5.518698185054381478e-01 8.083870636997119618e+03
5.539164699582205253e-01 8.187474800872622836e+03
5.559631214110029029e-01 8.014596814286449444e+03
5.580097728637852805e-01 7.953039588770114278e+03
5.600564243165676581e-01 7.916003183118995366e+03
5.621030757693500357e-01 7.833226567326757504e+03
5.641497272221324133e-01 7.903265988879940778e+03
5.661963786749147909e-01 7.984145066380370736e+03
5.682430301276970575e-01 8.040990895005461425e+03
5.702896815804794350e-01 8.024979267146216444e+03
5.723363330332618126e-01 8.077593832337708591e+03
5.743829844860441902e-01 8.003103463405286675e+03
5.764296359388265678e-01 7.893040550229314249e+03
5.784762873916089454e-01 8.063898251127718140e+03
5.805229388443913230e-01 7.969034744410699204e+03
5.825695902971737006e-01 7.902945954839206024e+03
5.846162417499560782e-01 7.980636826569631921e+03
5.866628932027383447e-01 7.928914553839046675e+03
5.887095446555207223e-01 7.806152020046399230e+03
5.907561961083030999e-01 7.735386822410722743e+03
5.928028475610854775e-01 7.793292642135328606e+03
5.948494990138678551e-01 7.920573530189373741e+03
5.968961504666502327e-01 8.069670202646615508e+03
5.989428019194326103e-01 7.805706492617361619e+03
6.009894533722149879e-01 8.025116438725120133e+03
6.030361048249973654e-01 7.980554042344130721e+03
6.050827562777796320e-01 7.985090259863060055e+03
6.071294077305620096e-01 7.802947447044072760e+03
6.091760591833443872e-01 7.779119807897815917e+03
6.112227106361267648e-01 7.861026973818030456e+03
6.132693620889091424e-01 8.017647812216885541e+03
