4.838575531014410736e-03 1.789350766697342578e+02
8.348806417245224765e-03 4.864744257056881906e+03
1.185903730347614982e-02 8.693558193477014356e+03
1.536926818970707487e-02 1.065989430941887076e+04
1.887949907593799992e-02 1.363717807013229503e+04
2.238972996216892497e-02 8.663866267117275129e+03
2.589996084839985002e-02 7.752445346358819734e+03
2.941019173463077507e-02 7.372564839115528230e+03
3.292042262086170012e-02 7.004833920075097012e+03
3.643065350709284722e-02 7.364151599743247971e+03
3.994088439332377227e-02 7.186321376600250005e+03
4.345111527955469732e-02 7.088836399353027446e+03
4.696134616578562238e-02 6.939586326476653994e+03
5.047157705201654743e-02 6.992557420369170359e+03
5.398180793824747248e-02 7.222257287279252523e+03
5.749203882447839753e-02 7.035956870186744709e+03
6.100226971070932258e-02 7.050777094039507574e+03
6.451250059694024763e-02 6.958221927505216627e+03
6.802273148317128371e-02 7.064434797865966175e+03
7.153296236940220876e-02 7.085995861814529235e+03
7.504319325563313381e-02 7.036066272832621507e+03
7.855342414186405886e-02 6.949675119105548220e+03
8.206365502809498391e-02 6.881105886995725086e+03
8.557388591432590896e-02 6.924439075680270435e+03
8.908411680055694504e-02 6.944592075169148302e+03
9.259434768678787009e-02 6.902743953969949871e+03
9.610457857301879514e-02 6.839461890973856498e+03
9.961480945924972019e-02 6.915012222363273395e+03
1.031250403454806452e-01 6.963823559272581406e+03
1.066352712317116813e-01 6.807187211485482294e+03
1.101455021179426064e-01 6.821668846515754922e+03
1.136557330041735314e-01 6.802120183507498950e+03
1.171659638904044565e-01 6.852948328004529685e+03
1.206761947766353815e-01 6.998336816386343344e+03
1.241864256628663066e-01 6.907798329475259379e+03
1.276966565490973426e-01 6.992465929771802621e+03
1.312068874353282677e-01 6.858227521506476478e+03
1.347171183215591928e-01 6.835301314100411219e+03
1.382273492077901178e-01 6.885616293671482708e+03
1.417375800940210429e-01 6.767544643611531683e+03
1.452478109802519679e-01 6.836441896273192469e+03
1.487580418664830040e-01 6.776048407711166874e+03
1.522682727527139290e-01 6.853572817917346583e+03
1.557785036389448541e-01 6.857749018573977082e+03
1.592887345251757791e-01 6.917022796882727562e+03
1.627989654114067042e-01 6.817158426783787945e+03
1.663091962976377403e-01 6.782297040112545801e+03
1.698194271838686653e-01 6.763412751434420898e+03
1.733296580700995904e-01 6.801450105630732651e+03
1.768398889563305154e-01 6.721327668123047260e+03
1.803501198425614405e-01 6.659898962096333889e+03
1.838603507287923655e-01 6.633209134305092448e+03
1.873705816150234016e-01 6.779798549882716543e+03
1.908808125012543266e-01 6.786086010350223660e+03
1.943910433874852517e-01 6.773659670467941396e+03
1.979012742737161767e-01 6.774258106284764835e+03
2.014115051599471018e-01 6.808229120349425102e+03
2.049217360461780268e-01 6.650599050030545186e+03
2.084319669324090629e-01 6.671935890273303812e+03
2.119421978186399880e-01 6.632940398628170442e+03
2.154524287048709130e-01 6.565489768963840106e+03
2.189626595911018381e-01 6.576958428713785906e+03
2.224728904773327631e-01 6.684613310655249734e+03
2.259831213635637992e-01 6.549500234180330153e+03
2.294933522497947243e-01 6.563309994080946126e+03
2.330035831360256493e-01 6.601824059625972041e+03
2.365138140222565744e-01 6.646698963986600575e+03
2.400240449084874994e-01 6.489396194701970671e+03
2.435342757947184245e-01 6.567816285377965869e+03
2.470445066809494605e-01 6.448049822172264612e+03
2.505547375671803856e-01 6.563083553399249467e+03
2.540649684534113106e-01 6.499613351409134339e+03
2.575751993396422357e-01 6.384405264618723777e+03
2.610854302258731607e-01 6.493000787458948253e+03
2.645956611121040858e-01 6.449339148277227650e+03
2.681058919983351219e-01 6.253011093400124992e+03
2.716161228845660469e-01 6.434159825559303499e+03
2.751263537707969720e-01 6.422950182651665273e+03
2.786365846570278970e-01 6.440826197037947168e+03
2.821468155432588221e-01 6.386197271200291652e+03
2.856570464294898581e-01 6.295120915407940629e+03
2.891672773157207832e-01 6.298605711890954808e+03
2.926775082019517082e-01 6.252962815784494524e+03
2.961877390881826333e-01 6.244648893622159449e+03
2.996979699744135583e-01 6.397136928355561395e+03
3.032082008606444834e-01 6.199777970719119367e+03
3.067184317468755195e-01 6.285181932948828035e+03
3.102286626331064445e-01 6.169795443546619936e+03
3.137388935193373696e-01 6.165446183495439982e+03
3.172491244055682946e-01 6.120929161634265256e+03
3.207593552917992197e-01 6.248682374285360311e+03
3.242695861780301447e-01 6.210862445893980293e+03
3.277798170642611808e-01 6.149554088954306280e+03
3.312900479504921059e-01 6.172354771535688997e+03
3.348002788367230309e-01 6.296304900377068407e+03
3.383105097229539560e-01 6.310277156103075868e+03
3.418207406091848810e-01 6.449885063021905808e+03
3.453309714954158061e-01 6.433192308990329366e+03
3.488412023816468421e-01 6.638596089612222386e+03
3.523514332678777672e-01 6.661259994980084230e+03
3.558616641541086922e-01 6.377650042782561286e+03
3.593718950403396173e-01 6.133415890620822211e+03
3.628821259265705423e-01 6.196045811616319043e+03
3.663923568128015784e-01 6.280633936823734985e+03
3.699025876990325035e-01 6.170701543912007764e+03
3.734128185852634285e-01 6.336334902311449696e+03
3.769230494714943536e-01 6.438584898881189474e+03
3.804332803577252786e-01 6.485238109123672984e+03
3.839435112439562037e-01 6.535601182202055497e+03
3.874537421301872397e-01 6.519445218813541942e+03
3.909639730164181648e-01 6.054643597234724439e+03
3.944742039026490898e-01 6.514256942060132133e+03
3.979844347888800149e-01 6.598083073646661433e+03
4.014946656751109400e-01 6.473892129252740233e+03
4.050048965613418650e-01 6.527110443245559509e+03
4.085151274475729011e-01 6.563895644966960390e+03
4.120253583338038261e-01 6.489242386717409317e+03
4.155355892200347512e-01 6.417448795473812424e+03
4.190458201062656762e-01 6.358376342638456663e+03
4.225560509924966013e-01 6.481579039665641176e+03
4.260662818787276374e-01 6.364417903064454549e+03
4.295765127649585624e-01 6.395679039113586441e+03
4.330867436511894875e-01 6.440579186005028532e+03
4.365969745374204125e-01 6.305830581605771840e+03
4.401072054236513376e-01 6.342892077983863601e+03
4.436174363098822626e-01 6.339831137731362105e+03
4.471276671961132987e-01 6.487580839838568863e+03
4.506378980823442237e-01 6.335431890487584496e+03
4.541481289685751488e-01 6.353479090307423576e+03
4.576583598548060738e-01 6.379822911674422357e+03
4.611685907410369989e-01 6.424353976365000563e+03
4.646788216272679239e-01 6.381220616676138889e+03
4.681890525134989600e-01 6.425017617136520130e+03
4.716992833997298851e-01 6.392874122304207049e+03
4.752095142859608101e-01 6.120376252786183613e+03
4.787197451721917352e-01 6.380501315810482083e+03
4.822299760584226602e-01 6.469107556937042318e+03
4.857402069446536963e-01 6.272537261492631842e+03
4.892504378308846213e-01 6.308668388820242399e+03
4.927606687171155464e-01 6.307111476408716044e+03
4.962708996033464715e-01 6.211635105636402841e+03
4.997811304895773965e-01 6.203948144286266142e+03
5.032913613758083216e-01 6.275733062864345811e+03
5.068015922620393576e-01 6.240893882655362177e+03
5.103118231482702827e-01 6.229570984387311000e+03
5.138220540345012077e-01 6.234623552860019117e+03
5.173322849207321328e-01 6.140128406666612136e+03
5.208425158069630578e-01 6.175239969274056421e+03
5.243527466931939829e-01 6.282426226238354502e+03
5.278629775794250190e-01 6.255637907588439703e+03
5.313732084656559440e-01 6.282688385008175828e+03
5.348834393518868691e-01 6.316917035975371618e+03
5.383936702381177941e-01 6.253705266295899492e+03
5.419039011243487192e-01 6.075236685562343155e+03
5.454141320105797552e-01 6.303375130780828840e+03
5.489243628968106803e-01 6.074079979008284681e+03
5.524345937830416053e-01 6.277363135431327464e+03
5.559448246692725304e-01 6.127144561261759009e+03
5.594550555555034554e-01 6.113999231691926980e+03
5.629652864417344915e-01 6.218126129418908931e+03
5.664755173279654166e-01 6.050514556914709829e+03
5.699857482141963416e-01 6.100751430395525858e+03
5.734959791004272667e-01 6.009473711483056832e+03
5.770062099866581917e-01 6.060960174331623421e+03
5.805164408728891168e-01 6.112295643181641935e+03
5.840266717591200418e-01 6.023057588996828599e+03
5.875369026453509669e-01 5.881284929284626742e+03
5.910471335315820030e-01 5.964197286683027414e+03
5.945573644178129280e-01 6.048666445142198427e+03
5.980675953040438531e-01 6.102608630173906022e+03
6.015778261902748891e-01 6.020721444824641367e+03
6.050880570765058142e-01 6.027173881414763855e+03
6.085982879627367392e-01 6.108870350642199810e+03
6.121085188489676643e-01 5.861229793860788959e+03
6.156187497351985893e-01 6.021276007799812760e+03
6.191289806214295144e-01 5.867734713075168656e+03
6.226392115076604394e-01 5.924724606356165168e+03
6.261494423938913645e-01 5.872691281616744163e+03
6.296596732801222895e-01 5.800553863946925958e+03
6.331699041663533256e-01 5.836509368931539939e+03
6.366801350525842507e-01 5.830000549625602616e+03
6.401903659388152867e-01 5.913029603862796648e+03
6.437005968250462118e-01 5.733827284786157179e+03
6.472108277112771368e-01 5.825881316644853541e+03
6.507210585975080619e-01 5.873887493030816586e+03
6.542312894837389869e-01 5.866800916311072797e+03
6.577415203699699120e-01 5.875109232592861190e+03
6.612517512562008370e-01 5.741693127546699543e+03
6.647619821424317621e-01 5.842731252211664469e+03
6.682722130286626872e-01 5.947466686227067839e+03
6.717824439148937232e-01 6.134911470158978773e+03
6.752926748011246483e-01 6.243098492945899125e+03
6.788029056873555733e-01 5.925133038279444008e+03
6.823131365735866094e-01 5.909603785274503025e+03
6.858233674598175345e-01 5.976701551208256205e+03
6.893335983460484595e-01 5.981231066604433181e+03
6.928438292322793846e-01 5.999888584052220722e+03
6.963540601185103096e-01 5.917949279011435465e+03
6.998642910047412347e-01 6.043808013645812025e+03
7.033745218909721597e-01 6.223408856946783999e+03
7.068847527772030848e-01 6.238944960397439900e+03
7.103949836634341208e-01 6.234548339338288315e+03
7.139052145496650459e-01 5.718851109438426647e+03
7.174154454358959709e-01 5.768018068398893774e+03
7.209256763221270070e-01 5.812963141610920502e+03
7.244359072083579321e-01 6.290901853036857574e+03
7.279461380945888571e-01 6.315818311543171149e+03
7.314563689808197822e-01 6.294954014558124072e+03
7.349665998670507072e-01 6.297050506072990174e+03
7.384768307532816323e-01 6.283537873643584135e+03
7.419870616395125573e-01 6.258929621457802568e+03
7.454972925257434824e-01 6.207378900375603735e+03
7.490075234119744074e-01 6.105475189083588702e+03
7.525177542982054435e-01 6.189069559122077408e+03
7.560279851844363685e-01 6.201635168043600970e+03
7.595382160706672936e-01 6.131328692542901990e+03
7.630484469568983297e-01 6.123931638559704879e+03
7.665586778431292547e-01 6.086021709286780606e+03
7.700689087293601798e-01 6.108979899554246003e+03
7.735791396155911048e-01 6.091960870894658910e+03
7.770893705018220299e-01 6.142944064801259628e+03
7.805996013880529549e-01 6.048324864213956062e+03
7.841098322742838800e-01 6.204629934288777804e+03
7.876200631605148050e-01 6.153853541527840207e+03
7.911302940467458411e-01 6.204594503060660827e+03
7.946405249329767662e-01 6.195540233943192106e+03
7.981507558192076912e-01 6.237520481226398260e+03
8.016609867054387273e-01 6.122999805731437846e+03
8.051712175916696523e-01 5.950541144980383251e+03
8.086814484779005774e-01 6.202602514544267251e+03
8.121916793641315024e-01 6.041155940193740207e+03
8.157019102503624275e-01 6.145638631004814670e+03
8.192121411365933525e-01 6.027818549499426808e+03
8.227223720228242776e-01 6.099380709473669413e+03
8.262326029090552026e-01 5.914616163532718929e+03
8.297428337952862387e-01 5.940689315119959247e+03
8.332530646815171638e-01 6.024376586618703186e+03
8.367632955677480888e-01 5.945705055654419994e+03
8.402735264539790139e-01 5.977791207951076103e+03
8.437837573402100499e-01 5.995413304064694785e+03
8.472939882264409750e-01 6.130382105218272045e+03
8.508042191126719000e-01 5.776687724975884521e+03
8.543144499989028251e-01 5.923546103388658594e+03
8.578246808851337502e-01 5.951720387604374991e+03
8.613349117713646752e-01 5.943208904946422081e+03
8.648451426575956003e-01 6.000841231271509969e+03
8.683553735438266363e-01 5.940029877044580644e+03
8.718656044300575614e-01 5.819829027986361325e+03
8.753758353162884864e-01 5.899167375906707093e+03
8.788860662025194115e-01 5.898860009870142676e+03
8.823962970887504476e-01 5.751976029024570380e+03
8.859065279749813726e-01 5.818316934661474988e+03
8.894167588612122977e-01 5.966352788878032698e+03
8.929269897474432227e-01 5.778181502133232243e+03
8.964372206336741478e-01 5.825111294561629620e+03
8.999474515199050728e-01 5.756514439174971812e+03
9.034576824061359979e-01 5.768933033432575030e+03
9.069679132923669229e-01 5.810292908021734547e+03
9.104781441785979590e-01 5.785148552843902507e+03
9.139883750648288840e-01 5.722063750260442248e+03
9.174986059510598091e-01 5.619362055424719074e+03
9.210088368372907341e-01 5.724376108910149014e+03
9.245190677235217702e-01 5.766087403741898925e+03
9.280292986097526953e-01 5.690752180257777582e+03
9.315395294959836203e-01 5.820396332485957828e+03
9.350497603822145454e-01 5.678314655235577447e+03
9.385599912684454704e-01 5.822649240101248324e+03
9.420702221546763955e-01 5.748776023127054941e+03
9.455804530409073205e-01 5.700567242649370201e+03
9.490906839271383566e-01 5.610169244530153264e+03
9.526009148133692817e-01 5.619490736110222315e+03
9.561111456996002067e-01 5.581146733642774961e+03
9.596213765858311318e-01 5.691042208180123453e+03
9.631316074720620568e-01 5.532092933331675340e+03
9.666418383582930929e-01 5.536458521105548243e+03
9.701520692445240179e-01 5.520519058513740674e+03
9.736623001307549430e-01 5.494704623064792941e+03
9.771725310169858680e-01 5.583763029693756835e+03
9.806827619032167931e-01 5.569639156235492919e+03
9.841929927894477181e-01 5.450960971645929021e+03
9.877032236756787542e-01 5.538877815795955939e+03
9.912134545619096793e-01 5.462087559472327484e+03
9.947236854481406043e-01 5.497060508035415296e+03
9.982339163343715294e-01 5.509537850639039789e+03
1.001744147220602565e+00 5.553438711714979945e+03
1.005254378106833490e+00 5.578825059687284920e+03
1.008764608993064416e+00 5.472033146683202176e+03
1.012274839879295341e+00 5.525334705154429685e+03
1.015785070765526266e+00 5.384293540016420593e+03
1.019295301651757191e+00 5.457643802957024491e+03
1.022805532537988116e+00 5.444309197987397056e+03
1.026315763424219041e+00 5.355382957762806655e+03
1.029825994310449966e+00 5.256792356252741229e+03
1.033336225196680891e+00 5.322862212524434653e+03
1.036846456082912038e+00 5.374458517505406235e+03
1.040356686969142963e+00 5.366515945342704981e+03
1.043866917855373888e+00 5.422883759221186665e+03
1.047377148741604813e+00 5.400800243298176611e+03
1.050887379627835738e+00 5.198258325994685947e+03
1.054397610514066663e+00 5.164984965429471231e+03
