1.267864548686070680e+00 1.990926246392480243e+04
1.269921569200444189e+00 1.988319495766580076e+04
1.271978589714817920e+00 1.986118163856431784e+04
1.274035610229191429e+00 1.981657670267615686e+04
1.276092630743565159e+00 2.008184406567647966e+04
1.278149651257938668e+00 1.985439184908214520e+04
1.280206671772312177e+00 1.976287768318853341e+04
1.282263692286685908e+00 1.970198106252174694e+04
1.284320712801059416e+00 1.944542302523915714e+04
1.286377733315433147e+00 1.952903640699332027e+04
1.288434753829806656e+00 1.950025073876458919e+04
1.290491774344180165e+00 1.937120044216708629e+04
1.292548794858553896e+00 1.937907314492367368e+04
1.294605815372927404e+00 1.937040285822123406e+04
1.296662835887301135e+00 1.931212826419155681e+04
1.298719856401674644e+00 1.940316720404304215e+04
1.300776876916048153e+00 1.924590407188679092e+04
1.302833897430421883e+00 1.912595154867089150e+04
1.304890917944795392e+00 1.903726566821977758e+04
1.306947938459169123e+00 1.908710791094345041e+04
1.309004958973542632e+00 1.894508321982788766e+04
1.311061979487916140e+00 1.895322459126458489e+04
1.313119000002289871e+00 1.886792779066668299e+04
1.315176020516663380e+00 1.898198431195715602e+04
1.317233041031036889e+00 1.889362941790660989e+04
1.319290061545410619e+00 1.897550526740576606e+04
1.321347082059784128e+00 1.870477629561548747e+04
1.323404102574157859e+00 1.885640761838978506e+04
1.325461123088531368e+00 1.867534867458864755e+04
1.327518143602904876e+00 1.862409130671948515e+04
1.329575164117278607e+00 1.856312254885276343e+04
1.331632184631652116e+00 1.840380026420461218e+04
1.333689205146025847e+00 1.863391263076769974e+04
1.335746225660399356e+00 1.855067851443351174e+04
1.337803246174772864e+00 1.870406200666048244e+04
1.339860266689146595e+00 1.837172559442434067e+04
1.341917287203520104e+00 1.845796080127775349e+04
1.343974307717893613e+00 1.834349000091253765e+04
1.346031328232267343e+00 1.835195397249309099e+04
1.348088348746640852e+00 1.831118032393215253e+04
1.350145369261014583e+00 1.819319233153614914e+04
1.352202389775388092e+00 1.818068018979795670e+04
1.354259410289761600e+00 1.811372797276444180e+04
1.356316430804135331e+00 1.807157977316880715e+04
1.358373451318508840e+00 1.792476727257825405e+04
1.360430471832882571e+00 1.801968142829195131e+04
1.362487492347256079e+00 1.800289085120855816e+04
1.364544512861629588e+00 1.797049098592210430e+04
1.366601533376003319e+00 1.791814803323877277e+04
1.368658553890376828e+00 1.801406727464694995e+04
1.370715574404750559e+00 1.813559725532193261e+04
1.372772594919124067e+00 1.799302031107261791e+04
1.374829615433497576e+00 1.799893647440774293e+04
1.376886635947871307e+00 1.807816466864636459e+04
1.378943656462244816e+00 1.823050601326730975e+04
1.381000676976618546e+00 1.855103577538272293e+04
1.383057697490992055e+00 1.862205687461381603e+04
1.385114718005365564e+00 1.849611581116024900e+04
1.387171738519739295e+00 1.811615167742878839e+04
1.389228759034112803e+00 1.817351328493732581e+04
1.391285779548486534e+00 1.823071790152652829e+04
1.393342800062860043e+00 1.835135522818723985e+04
1.395399820577233552e+00 1.821279039355349596e+04
1.397456841091607282e+00 1.830141737435211689e+04
1.399513861605980791e+00 1.822920387275645044e+04
1.401570882120354522e+00 1.834542707202965175e+04
1.403627902634728031e+00 1.841403958672467706e+04
1.405684923149101540e+00 1.837906983890020274e+04
1.407741943663475270e+00 1.844231046578278983e+04
1.409798964177848779e+00 1.851534089645858330e+04
1.411855984692222510e+00 1.854202958271210082e+04
1.413913005206596019e+00 1.852301250103401981e+04
1.415970025720969527e+00 1.843732551310103736e+04
1.418027046235343258e+00 1.866400624608145881e+04
1.420084066749716767e+00 1.872921814496989828e+04
1.422141087264090498e+00 1.864228287844199076e+04
1.424198107778464006e+00 1.867154180989852830e+04
1.426255128292837515e+00 1.898762695472043561e+04
1.428312148807211246e+00 1.909813937800159329e+04
1.430369169321584755e+00 1.929124148224439705e+04
1.432426189835958485e+00 1.962918862286661897e+04
1.434483210350331994e+00 1.983062377598600870e+04
1.436540230864705503e+00 2.008737591563133174e+04
1.438597251379079234e+00 2.065556084086374176e+04
1.440654271893452743e+00 2.118153055132812733e+04
1.442711292407826473e+00 2.174666902754905459e+04
1.444768312922199982e+00 2.230882022737278749e+04
1.446825333436573491e+00 2.348748627967195716e+04
1.448882353950947222e+00 2.440452596267973058e+04
1.450939374465320730e+00 2.549971083813006408e+04
1.452996394979694239e+00 2.642015096070944128e+04
1.455053415494067970e+00 2.668402763832892379e+04
1.457110436008441479e+00 2.671825231990849716e+04
1.459167456522815209e+00 2.586980553351392882e+04
1.461224477037188718e+00 2.507366695245068695e+04
1.463281497551562227e+00 2.428925881430248046e+04
1.465338518065935958e+00 2.339047531683428679e+04
1.467395538580309466e+00 2.268805878647883219e+04
1.469452559094683197e+00 2.201081930149913387e+04
1.471509579609056706e+00 2.159818908804789680e+04
1.473566600123430215e+00 2.140232478736939083e+04
1.475623620637803945e+00 2.128907555203308584e+04
1.477680641152177454e+00 2.110159682458620591e+04
1.479737661666551185e+00 2.124915235621481770e+04
1.481794682180924694e+00 2.114445639197623677e+04
1.483851702695298203e+00 2.115506153486745097e+04
1.485908723209671933e+00 2.150689404485765408e+04
1.487965743724045442e+00 2.191848032643192346e+04
1.490022764238419173e+00 2.205978112202222474e+04
1.492079784752792682e+00 2.255430426060793252e+04
1.494136805267166190e+00 2.271894602276570367e+04
1.496193825781539921e+00 2.298766974944594040e+04
1.498250846295913430e+00 2.328515511286572291e+04
1.500307866810287161e+00 2.371979208693136388e+04
1.502364887324660669e+00 2.387411599452662267e+04
1.504421907839034178e+00 2.432638582209264860e+04
1.506478928353407909e+00 2.491766077761071574e+04
1.508535948867781418e+00 2.558291312509615091e+04
1.510592969382154926e+00 2.610642667868602439e+04
1.512649989896528657e+00 2.673631656512138579e+04
1.514707010410902166e+00 2.759575207523904101e+04
1.516764030925275897e+00 2.851044641547872016e+04
1.518821051439649406e+00 2.891888569921675298e+04
1.520878071954022914e+00 2.992222664261478712e+04
1.522935092468396645e+00 3.061216776707056124e+04
1.524992112982770154e+00 3.109806726509441796e+04
1.527049133497143885e+00 3.264751453214135836e+04
1.529106154011517393e+00 3.449387430781391595e+04
1.531163174525890902e+00 3.763424261394968198e+04
1.533220195040264633e+00 4.111712591312193399e+04
1.535277215554638142e+00 4.481279407716174319e+04
1.537334236069011872e+00 4.788436792990936374e+04
1.539391256583385381e+00 5.052543252971069887e+04
1.541448277097758890e+00 5.311024401303987543e+04
1.543505297612132621e+00 5.555997517930612958e+04
1.545562318126506129e+00 5.761722885274424334e+04
1.547619338640879860e+00 6.032253504273158615e+04
1.549676359155253369e+00 6.444991946164087858e+04
