1.267856909543883637e+00 1.950773870155578334e+04
1.269913930197750673e+00 1.926470858799549751e+04
1.271970950851617488e+00 1.925154959955983941e+04
1.274027971505484302e+00 1.910101763460581424e+04
1.276084992159351339e+00 1.910179720757334144e+04
1.278142012813218154e+00 1.907435867594268711e+04
1.280199033467085190e+00 1.901783133012046892e+04
1.282256054120952005e+00 1.900914257554673532e+04
1.284313074774818819e+00 1.907187495175930235e+04
1.286370095428685856e+00 1.890238405346651416e+04
1.288427116082552670e+00 1.869645403574326701e+04
1.290484136736419707e+00 1.900659974774402508e+04
1.292541157390286521e+00 1.886970103326887693e+04
1.294598178044153336e+00 1.871426677699643551e+04
1.296655198698020373e+00 1.860827591206236684e+04
1.298712219351887187e+00 1.861125495012066676e+04
1.300769240005754224e+00 1.859487260220117605e+04
1.302826260659621038e+00 1.847651780191010766e+04
1.304883281313487853e+00 1.842101879461967837e+04
1.306940301967354889e+00 1.848511705850857834e+04
1.308997322621221704e+00 1.843790404723035317e+04
1.311054343275088740e+00 1.832401014555790607e+04
1.313111363928955555e+00 1.818685167566124437e+04
1.315168384582822370e+00 1.847286237851493934e+04
1.317225405236689406e+00 1.839758501826670181e+04
1.319282425890556221e+00 1.858884418293065391e+04
1.321339446544423257e+00 1.828432858314565965e+04
1.323396467198290072e+00 1.831177505921732154e+04
1.325453487852156886e+00 1.834355967543947190e+04
1.327510508506023923e+00 1.810116374537601223e+04
1.329567529159890737e+00 1.806827809892304504e+04
1.331624549813757774e+00 1.809970594745870039e+04
1.333681570467624589e+00 1.820667196611140389e+04
1.335738591121491403e+00 1.819375718500960647e+04
1.337795611775358440e+00 1.795105689737407010e+04
1.339852632429225254e+00 1.797769848974142224e+04
1.341909653083092291e+00 1.804526662655686960e+04
1.343966673736959105e+00 1.786769844453467886e+04
1.346023694390826142e+00 1.802660130680720249e+04
1.348080715044692957e+00 1.800604984410874022e+04
1.350137735698559771e+00 1.777345021758806979e+04
1.352194756352426808e+00 1.780744777970042196e+04
1.354251777006293622e+00 1.784125331760649715e+04
1.356308797660160659e+00 1.794726735526410266e+04
1.358365818314027473e+00 1.793650414171024750e+04
1.360422838967894510e+00 1.786296644334427765e+04
1.362479859621761324e+00 1.772778400460904959e+04
1.364536880275628139e+00 1.789609225527273156e+04
1.366593900929495176e+00 1.785476366200292250e+04
1.368650921583361990e+00 1.785988935523981127e+04
1.370707942237229027e+00 1.779578047692243854e+04
1.372764962891095841e+00 1.781666999589280385e+04
1.374821983544962656e+00 1.801869932704982784e+04
1.376879004198829692e+00 1.801518956803249603e+04
1.378936024852696507e+00 1.798856755506880654e+04
1.380993045506563544e+00 1.824031860515670996e+04
1.383050066160430358e+00 1.838119679612539039e+04
1.385107086814297173e+00 1.833147284766334633e+04
1.387164107468164209e+00 1.800233005357764341e+04
1.389221128122031024e+00 1.800778904033536674e+04
1.391278148775898060e+00 1.798119994607342232e+04
1.393335169429764875e+00 1.811525933616136899e+04
1.395392190083631689e+00 1.784094430317747174e+04
1.397449210737498726e+00 1.792488883656234611e+04
1.399506231391365541e+00 1.797697508796129841e+04
1.401563252045232577e+00 1.781757123995580332e+04
1.403620272699099392e+00 1.792686815492717869e+04
1.405677293352966206e+00 1.788028277937952953e+04
1.407734314006833243e+00 1.800655051338897465e+04
1.409791334660700057e+00 1.803908350536471335e+04
1.411848355314567094e+00 1.802919612651270290e+04
1.413905375968433908e+00 1.821859225418268034e+04
1.415962396622300723e+00 1.804865249256333118e+04
1.418019417276167760e+00 1.812433294927912357e+04
1.420076437930034574e+00 1.815790205782514386e+04
1.422133458583901611e+00 1.819177878025530299e+04
1.424190479237768425e+00 1.835520384382137127e+04
1.426247499891635240e+00 1.859459399460188797e+04
1.428304520545502276e+00 1.846490823192976313e+04
1.430361541199369091e+00 1.875981822054771692e+04
1.432418561853236127e+00 1.893943173281844065e+04
1.434475582507102942e+00 1.938996743276968482e+04
1.436532603160969979e+00 1.998739972783600024e+04
1.438589623814836793e+00 2.045854647005333754e+04
1.440646644468703608e+00 2.140927993749736197e+04
1.442703665122570644e+00 2.244119873583629669e+04
1.444760685776437459e+00 2.410848202961382776e+04
1.446817706430304495e+00 2.609375223670300329e+04
1.448874727084171310e+00 2.800115843300944471e+04
1.450931747738038124e+00 3.001034804661517410e+04
1.452988768391905161e+00 3.134093615242383385e+04
1.455045789045771976e+00 3.188609822824061848e+04
1.457102809699639012e+00 3.255811872845903781e+04
1.459159830353505827e+00 3.207645251267975618e+04
1.461216851007372641e+00 3.206055486460566681e+04
1.463273871661239678e+00 3.177022077435324172e+04
1.465330892315106492e+00 3.169065845370427996e+04
1.467387912968973529e+00 3.173280625697043797e+04
1.469444933622840344e+00 3.146351303893990917e+04
1.471501954276707380e+00 3.134649774570612135e+04
1.473558974930574195e+00 3.174297273060482257e+04
1.475615995584441009e+00 3.217456022490867690e+04
1.477673016238308046e+00 3.279138540875368926e+04
1.479730036892174860e+00 3.366592435982995084e+04
1.481787057546041897e+00 3.410671600005192158e+04
1.483844078199908711e+00 3.522079322055072407e+04
1.485901098853775526e+00 3.652907294365207053e+04
1.487958119507642563e+00 3.737617545374626934e+04
1.490015140161509377e+00 3.806923827365245234e+04
1.492072160815376414e+00 3.912610013272591459e+04
1.494129181469243228e+00 4.007902154732205236e+04
1.496186202123110043e+00 4.088472728779053432e+04
1.498243222776977079e+00 4.159632500169801642e+04
1.500300243430843894e+00 4.215832221348807798e+04
1.502357264084710931e+00 4.295932850885234075e+04
1.504414284738577745e+00 4.397414699675603333e+04
1.506471305392444560e+00 4.500281117131314386e+04
1.508528326046311596e+00 4.541017794952364056e+04
1.510585346700178411e+00 4.597620503928509424e+04
1.512642367354045447e+00 4.641552249925817887e+04
1.514699388007912262e+00 4.684892405882981984e+04
1.516756408661779076e+00 4.726305101636680774e+04
1.518813429315646113e+00 4.783124321773718111e+04
1.520870449969512928e+00 4.800663183893604582e+04
1.522927470623379964e+00 4.766635102271633514e+04
1.524984491277246779e+00 4.747333554956517764e+04
1.527041511931113815e+00 4.706824522590317065e+04
1.529098532584980630e+00 4.695397912285129860e+04
1.531155553238847444e+00 4.639990418886086263e+04
1.533212573892714481e+00 4.564475156116107246e+04
1.535269594546581295e+00 4.535392251206820947e+04
1.537326615200448332e+00 4.457594304747648130e+04
1.539383635854315147e+00 4.415351607073743071e+04
1.541440656508181961e+00 4.322438319844719081e+04
1.543497677162048998e+00 4.208622041906675440e+04
1.545554697815915812e+00 4.122100745990129508e+04
1.547611718469782849e+00 4.064593418795791513e+04
1.549668739123649663e+00 4.172511787503893720e+04
