4.107133797604579803e-05 1.032436532148135939e+03
3.567642169181040046e-03 3.429312361279625748e+03
7.094213000386151435e-03 3.531951119575040138e+03
1.062078383159104078e-02 3.688409240159074216e+03
1.414735466279593012e-02 4.796329700169000716e+03
1.767392549400081947e-02 6.115199140554932455e+03
2.120049632520593086e-02 3.779884941225036073e+03
2.472706715641082020e-02 3.534794544581680384e+03
2.825363798761570955e-02 3.518248092905937938e+03
3.178020881882082094e-02 3.513855928964671875e+03
3.530677965002571028e-02 3.550312508909685675e+03
3.883335048123059963e-02 3.547903656293902714e+03
4.235992131243548897e-02 3.521546737614844005e+03
4.588649214364060036e-02 3.503291534429398325e+03
4.941306297484548971e-02 3.536645074885102986e+03
5.293963380605037905e-02 3.557209254641739790e+03
5.646620463725537942e-02 3.580937075544468371e+03
5.999277546846037978e-02 3.482047464018742176e+03
6.351934629966526913e-02 3.544032011517784667e+03
6.704591713087026950e-02 3.591330946108618264e+03
7.057248796207526986e-02 3.479246545567515568e+03
7.409905879328015921e-02 3.546735306293560825e+03
7.762562962448515957e-02 3.536771259344220653e+03
8.115220045569004892e-02 3.499669834205737970e+03
8.467877128689504929e-02 3.563851241531248434e+03
8.820534211810004965e-02 3.473667620457155408e+03
9.173191294930493900e-02 3.509802295202630376e+03
9.525848378050993936e-02 3.509174433522848176e+03
9.878505461171482871e-02 3.516244913520886257e+03
1.023116254429198291e-01 3.470783647411225047e+03
1.058381962741247184e-01 3.555678822866477731e+03
1.093647671053297188e-01 3.572912478783836377e+03
1.128913379365347192e-01 3.555199405636989013e+03
1.164179087677396085e-01 3.480071218450096694e+03
1.199444795989446089e-01 3.435344429275151924e+03
1.234710504301494982e-01 3.613786555670213147e+03
1.269976212613544986e-01 3.481268254126536249e+03
1.305241920925594989e-01 3.534501942633915860e+03
1.340507629237643883e-01 3.577922547126628160e+03
1.375773337549693887e-01 3.533631168856591557e+03
1.411039045861742780e-01 3.508693304111403449e+03
1.446304754173792784e-01 3.457421870346629476e+03
1.481570462485841677e-01 3.461357964254194030e+03
1.516836170797891681e-01 3.521803992626352738e+03
1.552101879109941684e-01 3.527568119099731121e+03
1.587367587421990578e-01 3.542398263090906312e+03
1.622633295734040582e-01 3.536442175442421103e+03
1.657899004046089475e-01 3.486947877955784861e+03
1.693164712358139479e-01 3.507895521279324839e+03
1.728430420670188372e-01 3.536155293371301013e+03
1.763696128982238376e-01 3.519710387893433108e+03
1.798961837294288379e-01 3.562529178615891851e+03
1.834227545606337273e-01 3.504242883244766745e+03
1.869493253918387277e-01 3.430276809915909325e+03
1.904758962230436170e-01 3.472514123083241884e+03
1.940024670542486174e-01 3.529468336289228318e+03
1.975290378854536177e-01 3.631756237885047994e+03
2.010556087166585071e-01 3.556182847389087328e+03
2.045821795478635075e-01 3.474835749478910657e+03
2.081087503790683968e-01 3.488047458227320931e+03
2.116353212102733972e-01 3.498451605987170751e+03
2.151618920414782865e-01 3.506994129851747857e+03
2.186884628726832869e-01 3.568756182023003475e+03
2.222150337038882872e-01 3.519423341125775551e+03
2.257416045350931766e-01 3.435662738701795206e+03
2.292681753662981770e-01 3.471123031422084296e+03
2.327947461975030663e-01 3.475028074748173367e+03
2.363213170287080667e-01 3.434393599936619921e+03
2.398478878599130670e-01 3.516645841819922680e+03
2.433744586911179564e-01 3.480669720646754286e+03
2.469010295223229567e-01 3.551115381737705775e+03
2.504276003535278461e-01 3.511915731608181886e+03
2.539541711847328465e-01 3.475272353205849868e+03
2.574807420159377358e-01 3.464749875307355524e+03
2.610073128471427362e-01 3.547685408955768708e+03
2.645338836783477365e-01 3.530666283811884114e+03
2.680604545095526259e-01 3.525614654797818730e+03
2.715870253407576262e-01 3.537008581006081840e+03
2.751135961719625156e-01 3.542870879206648169e+03
2.786401670031675160e-01 3.559361685490171112e+03
2.821667378343725163e-01 3.543884387843857439e+03
2.856933086655774057e-01 3.500785364772336834e+03
2.892198794967824060e-01 3.455017860939744878e+03
2.927464503279872954e-01 3.422885216201384083e+03
2.962730211591922957e-01 3.521048405171106879e+03
2.997995919903971851e-01 3.537746832832664950e+03
3.033261628216021855e-01 3.453762870688916337e+03
3.068527336528071858e-01 3.499839662875781414e+03
3.103793044840120752e-01 3.478840701771230670e+03
3.139058753152170755e-01 3.466220637278453069e+03
3.174324461464219649e-01 3.437596077865844563e+03
3.209590169776269653e-01 3.464792264577367860e+03
3.244855878088319656e-01 3.475046033662635637e+03
3.280121586400368550e-01 3.463044872151367144e+03
3.315387294712418553e-01 3.454609651840210518e+03
3.350653003024467447e-01 3.451686318037380261e+03
3.385918711336517450e-01 3.470155539831924671e+03
3.421184419648566344e-01 3.459371247148709699e+03
3.456450127960616348e-01 3.439980671910376259e+03
3.491715836272666351e-01 3.494789270438269341e+03
3.526981544584715245e-01 3.425828968980607897e+03
3.562247252896765248e-01 3.424684067374001643e+03
3.597512961208814142e-01 3.434912220263136078e+03
3.632778669520864145e-01 3.346199359273733535e+03
3.668044377832914149e-01 3.407216423355393999e+03
3.703310086144963043e-01 3.359176639575888203e+03
3.738575794457013046e-01 3.419790080122526888e+03
3.773841502769061940e-01 3.426097948212538085e+03
3.809107211081111943e-01 3.410662847458472243e+03
3.844372919393160837e-01 3.455735165737251918e+03
3.879638627705210840e-01 3.494559796828333674e+03
3.914904336017260844e-01 3.479423843764915091e+03
3.950170044329309738e-01 3.424728288234984120e+03
3.985435752641359741e-01 3.442642055233392512e+03
4.020701460953408635e-01 3.402134300253180299e+03
4.055967169265458638e-01 3.332557032900944705e+03
4.091232877577507532e-01 3.375990767236332431e+03
4.126498585889557535e-01 3.465892018772097799e+03
4.161764294201607539e-01 3.402959343249145149e+03
4.197030002513656433e-01 3.412579261446780947e+03
4.232295710825706436e-01 3.412522177309776907e+03
4.267561419137755330e-01 3.409722888810026234e+03
4.302827127449805333e-01 3.396403776324123555e+03
4.338092835761855337e-01 3.426442639634564330e+03
4.373358544073904230e-01 3.447284592346665704e+03
4.408624252385954234e-01 3.473092014941034904e+03
4.443889960698003128e-01 3.458124374439700205e+03
4.479155669010053131e-01 3.374718072449213651e+03
4.514421377322102025e-01 3.396094152524539368e+03
4.549687085634152028e-01 3.341856557455848360e+03
4.584952793946202032e-01 3.435263719790052619e+03
4.620218502258250926e-01 3.371411869675621801e+03
4.655484210570300929e-01 3.448045512122575929e+03
4.690749918882349823e-01 3.405420513393129113e+03
4.726015627194399826e-01 3.398202696118569293e+03
4.761281335506449830e-01 3.416772489415608106e+03
4.796547043818498723e-01 3.461252452369360981e+03
4.831812752130548727e-01 3.396489060505014550e+03
4.867078460442597621e-01 3.392910438553542463e+03
4.902344168754647624e-01 3.497450353150247793e+03
4.937609877066696518e-01 3.423807627810783742e+03
4.972875585378746521e-01 3.415042155068677403e+03
5.008141293690796525e-01 3.377192341926883273e+03
5.043407002002845418e-01 3.426765944519743698e+03
5.078672710314895422e-01 3.481791937312979371e+03
5.113938418626944316e-01 3.362795731046240235e+03
5.149204126938994319e-01 3.312682203588799439e+03
5.184469835251044323e-01 3.346203830292935891e+03
5.219735543563093216e-01 3.376081292263731484e+03
5.255001251875143220e-01 3.483423577172023215e+03
5.290266960187192113e-01 3.393108476670572600e+03
5.325532668499242117e-01 3.399296236300960118e+03
5.360798376811291011e-01 3.402641870986276444e+03
5.396064085123341014e-01 3.349379685550199156e+03
5.431329793435391018e-01 3.279939431686106218e+03
5.466595501747439911e-01 3.325233024961162755e+03
5.501861210059489915e-01 3.398616895274551098e+03
5.537126918371538808e-01 3.421718567933634404e+03
5.572392626683588812e-01 3.364567565442480372e+03
5.607658334995637706e-01 3.384719238911406592e+03
5.642924043307687709e-01 3.328473170852065778e+03
5.678189751619737713e-01 3.392479454549040383e+03
5.713455459931786606e-01 3.410402029496085106e+03
5.748721168243836610e-01 3.382114085799175882e+03
5.783986876555886614e-01 3.363772978490904279e+03
5.819252584867935507e-01 3.419368757964834003e+03
5.854518293179984401e-01 3.311785120435873978e+03
5.889784001492034404e-01 3.359581580521459273e+03
5.925049709804084408e-01 3.335767481022455286e+03
5.960315418116133301e-01 3.338638533343182644e+03
5.995581126428183305e-01 3.337304748743074015e+03
6.030846834740233309e-01 3.414686887147221114e+03
6.066112543052282202e-01 3.320218429546497646e+03
6.101378251364331096e-01 3.326916335596560202e+03
6.136643959676381099e-01 3.377107137204901846e+03
6.171909667988431103e-01 3.369894996153662305e+03
6.207175376300479996e-01 3.276644172011449427e+03
6.242441084612530000e-01 3.247319981184454718e+03
6.277706792924580004e-01 3.325893303706412098e+03
6.312972501236628897e-01 3.307626019280768560e+03
6.348238209548677791e-01 3.302429525728076442e+03
6.383503917860728905e-01 3.248072389096803818e+03
6.418769626172777798e-01 3.315976140341964310e+03
6.454035334484826691e-01 3.266143422633229420e+03
6.489301042796876695e-01 3.361906982623878321e+03
6.524566751108926699e-01 3.277855121587865597e+03
6.559832459420975592e-01 3.318755525792153549e+03
6.595098167733025596e-01 3.275782201264173636e+03
6.630363876045075600e-01 3.341805585313520623e+03
6.665629584357124493e-01 3.303148034117492443e+03
6.700895292669173386e-01 3.266934677623507014e+03
6.736161000981223390e-01 3.315861303616658915e+03
6.771426709293273394e-01 3.268114100012151084e+03
6.806692417605322287e-01 3.222356090264181148e+03
6.841958125917372291e-01 3.324810950672280796e+03
6.877223834229422295e-01 3.279450510457582823e+03
6.912489542541471188e-01 3.237947552877372345e+03
6.947755250853520081e-01 3.271309599408320082e+03
6.983020959165570085e-01 3.242144917418493606e+03
7.018286667477620089e-01 3.241194888369657747e+03
7.053552375789668982e-01 3.175895271644658351e+03
7.088818084101718986e-01 3.215679350976335627e+03
7.124083792413768990e-01 3.309506904397240760e+03
7.159349500725817883e-01 3.279824341528428249e+03
7.194615209037866776e-01 3.268582715829908011e+03
7.229880917349917890e-01 3.250479612077406273e+03
7.265146625661966784e-01 3.257951312089978273e+03
7.300412333974015677e-01 3.283309693955054627e+03
7.335678042286065681e-01 3.258402945343951615e+03
7.370943750598115685e-01 3.244197305840647459e+03
7.406209458910164578e-01 3.274639934056826405e+03
7.441475167222214582e-01 3.247768790873046783e+03
7.476740875534264585e-01 3.239060015797562301e+03
7.512006583846313479e-01 3.320588297759177294e+03
7.547272292158362372e-01 3.235328451220852912e+03
7.582538000470412376e-01 3.248483415440539829e+03
7.617803708782462380e-01 3.206599995517961361e+03
7.653069417094511273e-01 3.269004079756928149e+03
7.688335125406561277e-01 3.278024500159635863e+03
7.723600833718611280e-01 3.257883848161442529e+03
7.758866542030660174e-01 3.206022128527978566e+03
7.794132250342709067e-01 3.148597053567501462e+03
7.829397958654759071e-01 3.204511654328249278e+03
7.864663666966809075e-01 3.195652726979933959e+03
7.899929375278857968e-01 3.219075505888478347e+03
7.935195083590907972e-01 3.260011437070450029e+03
7.970460791902957975e-01 3.249429280812320030e+03
8.005726500215006869e-01 3.213960077942650059e+03
8.040992208527055762e-01 3.219985718628172435e+03
8.076257916839105766e-01 3.144948601691483418e+03
8.111523625151155770e-01 3.189274047130994404e+03
8.146789333463204663e-01 3.233241862910097552e+03
8.182055041775254667e-01 3.219655105783484032e+03
8.217320750087304670e-01 3.188917369574392069e+03
8.252586458399353564e-01 3.268869865004523035e+03
8.287852166711403568e-01 3.219044391581161562e+03
8.323117875023452461e-01 3.200999836174165921e+03
8.358383583335502465e-01 3.213862924267165454e+03
8.393649291647551358e-01 3.131104272063531425e+03
8.428914999959601362e-01 3.187472640316080287e+03
8.464180708271651365e-01 3.229106740422543226e+03
8.499446416583700259e-01 3.159859323739288811e+03
8.534712124895750263e-01 3.208407603976962037e+03
8.569977833207800266e-01 3.163009932953737007e+03
8.605243541519849160e-01 3.141411090820941808e+03
8.640509249831898053e-01 3.197867386077121409e+03
8.675774958143948057e-01 3.209106952982532221e+03
8.711040666455998061e-01 3.226438793322319270e+03
8.746306374768046954e-01 3.158704549633962870e+03
8.781572083080096958e-01 3.137298820340815382e+03
8.816837791392146961e-01 3.252338945455953308e+03
8.852103499704195855e-01 3.152364021047445021e+03
8.887369208016245858e-01 3.121247793880892914e+03
8.922634916328294752e-01 3.155655893908284270e+03
8.957900624640344756e-01 3.156450635041505393e+03
8.993166332952393649e-01 3.095705808885045371e+03
9.028432041264443653e-01 3.123289413570446413e+03
9.063697749576493656e-01 3.086581607744915800e+03
9.098963457888542550e-01 3.101668551001100241e+03
9.134229166200592553e-01 3.129006226156534922e+03
9.169494874512641447e-01 3.128451559240895222e+03
9.204760582824691451e-01 3.119700482674823888e+03
9.240026291136740344e-01 3.140335014452226460e+03
9.275291999448790348e-01 3.150607628065653444e+03
9.310557707760840351e-01 3.045645187791730677e+03
9.345823416072889245e-01 3.079764848027936296e+03
9.381089124384939248e-01 3.136115182536922475e+03
9.416354832696988142e-01 3.130237744339980509e+03
9.451620541009038146e-01 3.080752117926866049e+03
9.486886249321087039e-01 3.132714261531074044e+03
9.522151957633137043e-01 3.050827784493572835e+03
9.557417665945187046e-01 3.050816302201229973e+03
9.592683374257235940e-01 3.078307718628379462e+03
9.627949082569285943e-01 3.038333244887873207e+03
9.663214790881335947e-01 3.079716943927870034e+03
9.698480499193384841e-01 3.087234816022376890e+03
9.733746207505434844e-01 3.099966223464361519e+03
9.769011915817483738e-01 3.021715685731639041e+03
9.804277624129533741e-01 3.055899921970223659e+03
9.839543332441582635e-01 3.133515865035320985e+03
9.874809040753632638e-01 3.066693931309971958e+03
9.910074749065682642e-01 3.110299298125868063e+03
9.945340457377731536e-01 3.078295823660894257e+03
9.980606165689781539e-01 3.105065915468468120e+03
1.001587187400183154e+00 3.118267292481762979e+03
1.005113758231388044e+00 3.095314970000473295e+03
1.008640329062592933e+00 3.072363823858212527e+03
1.012166899893797822e+00 3.058151910388398392e+03
1.015693470725002934e+00 3.020318482313181448e+03
1.019220041556207823e+00 3.067495948922772186e+03
1.022746612387412712e+00 3.029691314561614035e+03
1.026273183218617824e+00 3.042279868156512293e+03
1.029799754049822713e+00 3.062336660541136553e+03
1.033326324881027602e+00 2.992031434523326425e+03
1.036852895712232714e+00 3.020837799233408987e+03
1.040379466543437603e+00 3.040143727216492152e+03
1.043906037374642493e+00 3.028923071982188048e+03
1.047432608205847382e+00 3.000226496302912437e+03
1.050959179037052493e+00 3.033512102233793485e+03
1.054485749868257383e+00 2.902230921185241186e+03
