2.533765518438723698e-03 1.176858736688924182e+03
4.575953229285389945e-03 5.399893548127160102e+03
6.618140940132022365e-03 7.523448813644131405e+03
8.660328650978543763e-03 8.927266449524138807e+03
1.070251636182517618e-02 1.161048115283261541e+04
1.274470407267180860e-02 1.531449638397865237e+04
1.478689178351833000e-02 1.835934807542937051e+04
1.682907949436496242e-02 2.033803153594231844e+04
1.887126720521159484e-02 1.887057083265112669e+04
2.091345491605811624e-02 1.423965741474794231e+04
2.295564262690474866e-02 1.309681767525447685e+04
2.499783033775138108e-02 1.259156108835651867e+04
2.704001804859790248e-02 1.237428306831831105e+04
2.908220575944453490e-02 1.217910051851029129e+04
3.112439347029116732e-02 1.185134613683413409e+04
3.316658118113768872e-02 1.174096811320220513e+04
3.520876889198432114e-02 1.201573549913765419e+04
3.725095660283095356e-02 1.188351662606290847e+04
3.929314431367747495e-02 1.183931973375621601e+04
4.133533202452410737e-02 1.181899119232042540e+04
4.337751973537073980e-02 1.173961457029627854e+04
4.541970744621726119e-02 1.181252796255263092e+04
4.746189515706389361e-02 1.169565134221769586e+04
4.950408286791052603e-02 1.172878453413878924e+04
5.154627057875704743e-02 1.167379541024516584e+04
5.358845828960367985e-02 1.192302599935297258e+04
5.563064600045031227e-02 1.192242558499747065e+04
5.767283371129683367e-02 1.160838307081238236e+04
5.971502142214346609e-02 1.159548129984541629e+04
6.175720913299009851e-02 1.156369829829742412e+04
6.379939684383661991e-02 1.155589777869258251e+04
6.584158455468325233e-02 1.162723468840697024e+04
6.788377226552988475e-02 1.166715688234469781e+04
6.992595997637640615e-02 1.165281118611552301e+04
7.196814768722303857e-02 1.164265856309487936e+04
7.401033539806967099e-02 1.168400152679587154e+04
7.605252310891619238e-02 1.147873197187323785e+04
7.809471081976282480e-02 1.143480497298615592e+04
8.013689853060945723e-02 1.142330769419780700e+04
8.217908624145597862e-02 1.144165757492640114e+04
8.422127395230261104e-02 1.149426119552736236e+04
8.626346166314924346e-02 1.130341767740098294e+04
8.830564937399576486e-02 1.144347629599477477e+04
9.034783708484239728e-02 1.136631611942297604e+04
9.239002479568902970e-02 1.147823832710068018e+04
9.443221250653555110e-02 1.141127305351360883e+04
9.647440021738218352e-02 1.130924385437973251e+04
9.851658792822881594e-02 1.141537962544331094e+04
1.005587756390753373e-01 1.130142076289579381e+04
1.026009633499219698e-01 1.123812262862502939e+04
1.046431510607686022e-01 1.123367136657122501e+04
1.066853387716151236e-01 1.122947211865890858e+04
1.087275264824617560e-01 1.120974114159928286e+04
1.107697141933083884e-01 1.124038395615204354e+04
1.128119019041549098e-01 1.121844896855084880e+04
1.148540896150015422e-01 1.125577037971663049e+04
1.168962773258481191e-01 1.112099752986825661e+04
1.189384650366947516e-01 1.128867706417104091e+04
1.209806527475413285e-01 1.126074962758017136e+04
1.230228404583879054e-01 1.121316039443074988e+04
1.250650281692345378e-01 1.128431954457775100e+04
1.271072158800811147e-01 1.137058897936381254e+04
1.291494035909276916e-01 1.137250439471636128e+04
1.311915913017743240e-01 1.120228083655002774e+04
1.332337790126209010e-01 1.115744707576580186e+04
1.352759667234674779e-01 1.116557902412114163e+04
1.373181544343141103e-01 1.102474695077255092e+04
1.393603421451606872e-01 1.102859531690803124e+04
1.414025298560072641e-01 1.111737920513456265e+04
1.434447175668538965e-01 1.074150925575108886e+04
1.454869052777004734e-01 1.100587751698871216e+04
1.475290929885470503e-01 1.100366946103980445e+04
1.495712806993936828e-01 1.105320950058195922e+04
1.516134684102402597e-01 1.096370031773667324e+04
1.536556561210868366e-01 1.098258066785784285e+04
1.556978438319334690e-01 1.115635603054178137e+04
1.577400315427800459e-01 1.091246654665564347e+04
1.597822192536266228e-01 1.091011672484009432e+04
1.618244069644732552e-01 1.096341465809331203e+04
1.638665946753198321e-01 1.081349467231237941e+04
1.659087823861664091e-01 1.087642767245837604e+04
1.679509700970130415e-01 1.081949666330456967e+04
1.699931578078596184e-01 1.085363432915410704e+04
1.720353455187061953e-01 1.073321419172667629e+04
1.740775332295528277e-01 1.085113352793437662e+04
1.761197209403994046e-01 1.071691491751693502e+04
1.781619086512459815e-01 1.082636016958213077e+04
1.802040963620926139e-01 1.077658764158144913e+04
1.822462840729391909e-01 1.067703071766936409e+04
1.842884717837857678e-01 1.071490008043607850e+04
1.863306594946324002e-01 1.056417451631416588e+04
1.883728472054789771e-01 1.058224720697271187e+04
1.904150349163255540e-01 1.071289943594072611e+04
1.924572226271721864e-01 1.072088908853671455e+04
1.944994103380187633e-01 1.074298196843095866e+04
1.965415980488653402e-01 1.050557811775467053e+04
1.985837857597119727e-01 1.076888032818179818e+04
2.006259734705585496e-01 1.066616981569408563e+04
2.026681611814051265e-01 1.072615442228246138e+04
2.047103488922517589e-01 1.050684709204231149e+04
2.067525366030983358e-01 1.040346591177202026e+04
2.087947243139449127e-01 1.062262243732967545e+04
2.108369120247915451e-01 1.033304229624862091e+04
2.128790997356381220e-01 1.027207960744160300e+04
2.149212874464846990e-01 1.041801528409715502e+04
2.169634751573313314e-01 1.045160977635243580e+04
2.190056628681779083e-01 1.029428631744808627e+04
2.210478505790245407e-01 1.058637472519889707e+04
2.230900382898711176e-01 1.012450287049836152e+04
2.251322260007176945e-01 1.032789275813929271e+04
2.271744137115643269e-01 1.021793875465738893e+04
2.292166014224109039e-01 1.035684230742753607e+04
2.312587891332574808e-01 9.892088160089737357e+03
2.333009768441041132e-01 9.813036768660345842e+03
2.353431645549506901e-01 1.022444471300189798e+04
2.373853522657972670e-01 1.029582146478742288e+04
2.394275399766438994e-01 1.029219774185793904e+04
2.414697276874904763e-01 1.029212096757216568e+04
2.435119153983370532e-01 1.018672620618695328e+04
2.455541031091836857e-01 1.025059573567781990e+04
2.475962908200302626e-01 1.018453208531816745e+04
2.496384785308768395e-01 1.018254999129174394e+04
2.516806662417234719e-01 1.006790631006510557e+04
2.537228539525700488e-01 1.021407645956079614e+04
2.557650416634166257e-01 1.014470174855368532e+04
2.578072293742632581e-01 9.950362274617817093e+03
2.598494170851098350e-01 1.013410635050291239e+04
2.618916047959564120e-01 1.013367615252629548e+04
2.639337925068030444e-01 1.016795953612118319e+04
2.659759802176496213e-01 9.982259009501543915e+03
2.680181679284961982e-01 1.022266841964863124e+04
2.700603556393428306e-01 1.002308197851309160e+04
2.721025433501894075e-01 9.962879740131913422e+03
2.741447310610359844e-01 1.002089050450865034e+04
2.761869187718826169e-01 1.018687339264172806e+04
2.782291064827291938e-01 9.969405810075921181e+03
2.802712941935757707e-01 1.001613370597733228e+04
2.823134819044224031e-01 9.995316757650358340e+03
2.843556696152689800e-01 9.924742541383620846e+03
2.863978573261155569e-01 9.938396124896702531e+03
2.884400450369621893e-01 9.940079627217204688e+03
2.904822327478087662e-01 9.825905732203442312e+03
2.925244204586553431e-01 9.833085967128175980e+03
2.945666081695019756e-01 9.845392745821127392e+03
2.966087958803485525e-01 9.796323329431075763e+03
2.986509835911951294e-01 9.992709415389204878e+03
3.006931713020417618e-01 9.930893441165791955e+03
3.027353590128883387e-01 9.835483459439403305e+03
3.047775467237349156e-01 9.914887689208970187e+03
3.068197344345815480e-01 9.803116625077687786e+03
3.088619221454281250e-01 9.705468175171930852e+03
3.109041098562747019e-01 9.715001448631563107e+03
3.129462975671213343e-01 9.805041246537064580e+03
3.149884852779679112e-01 9.742909529729975475e+03
3.170306729888144881e-01 9.755833325040706768e+03
3.190728606996611205e-01 9.738392791594720620e+03
3.211150484105076974e-01 9.832273349448880253e+03
3.231572361213542743e-01 9.858135697497458750e+03
3.251994238322009068e-01 9.798684383791780419e+03
3.272416115430474837e-01 9.781414026131149512e+03
3.292837992538940606e-01 9.958952921989177412e+03
3.313259869647406930e-01 9.713558435883645870e+03
3.333681746755872699e-01 9.783719955259461130e+03
3.354103623864338468e-01 9.855627264775846925e+03
3.374525500972804792e-01 9.699468129622902779e+03
3.394947378081270561e-01 9.812438854948812150e+03
3.415369255189736331e-01 9.650592195761490075e+03
3.435791132298202655e-01 9.732696948673603401e+03
3.456213009406668424e-01 9.616292754651514770e+03
3.476634886515134193e-01 9.597634256704503059e+03
3.497056763623600517e-01 9.749411924951673427e+03
3.517478640732066286e-01 9.886683627005320886e+03
3.537900517840532055e-01 9.647822478258438423e+03
3.558322394948998380e-01 9.521957261635510804e+03
3.578744272057464149e-01 9.607361352269259442e+03
3.599166149165929918e-01 9.595395900827068544e+03
3.619588026274396242e-01 9.616280318595392600e+03
3.640009903382862011e-01 9.506977680014910220e+03
3.660431780491327780e-01 9.571292709109737189e+03
3.680853657599794104e-01 9.560714494899839337e+03
3.701275534708259873e-01 9.562431114700566468e+03
3.721697411816725642e-01 9.548742092952708845e+03
3.742119288925191967e-01 9.621077930816038133e+03
3.762541166033657736e-01 9.527377564904381870e+03
3.782963043142123505e-01 9.725974554291913591e+03
3.803384920250589829e-01 9.711889343534568980e+03
3.823806797359055598e-01 9.748043158754204342e+03
3.844228674467521367e-01 9.677356736359197384e+03
3.864650551575987691e-01 9.625458928722602650e+03
3.885072428684453461e-01 9.659414184800723888e+03
3.905494305792919230e-01 9.605281243139512299e+03
3.925916182901385554e-01 9.625299401531323383e+03
3.946338060009851323e-01 9.429221871060181002e+03
3.966759937118317092e-01 9.395793158852566194e+03
3.987181814226783416e-01 9.564222086388394018e+03
4.007603691335249185e-01 9.578134910654254782e+03
4.028025568443714954e-01 9.501114010859189875e+03
4.048447445552181279e-01 9.419783770539581383e+03
4.068869322660647048e-01 9.490962386403189157e+03
4.089291199769112817e-01 9.516429481492916238e+03
4.109713076877579141e-01 9.659138037707409239e+03
4.130134953986044910e-01 9.681154555610832176e+03
4.150556831094510679e-01 9.658604963425996175e+03
4.170978708202977003e-01 9.513467161550241144e+03
4.191400585311442772e-01 9.403082299033194431e+03
4.211822462419908542e-01 9.502395661087524786e+03
4.232244339528374866e-01 9.609770309612969868e+03
4.252666216636840635e-01 9.579532268816263240e+03
4.273088093745306404e-01 9.402366286767948623e+03
4.293509970853772728e-01 9.329287676631685827e+03
4.313931847962238497e-01 9.475986135592649589e+03
4.334353725070704266e-01 9.384633758122425206e+03
4.354775602179170590e-01 9.440058654975091486e+03
4.375197479287636360e-01 9.318808007920844830e+03
4.395619356396102129e-01 9.315263870985518224e+03
4.416041233504568453e-01 9.463870180296255057e+03
4.436463110613034222e-01 9.371704242034513300e+03
4.456884987721499991e-01 9.439162367307377281e+03
4.477306864829966315e-01 9.324272366440029145e+03
4.497728741938432084e-01 9.277006625799651374e+03
4.518150619046897853e-01 9.354457585541422304e+03
4.538572496155364178e-01 9.229581522380080060e+03
4.558994373263829947e-01 9.404217224450036156e+03
4.579416250372295716e-01 9.349010227189490251e+03
4.599838127480762040e-01 9.488996423661936205e+03
4.620260004589227809e-01 9.355682585017511883e+03
4.640681881697693578e-01 9.269377104945278916e+03
4.661103758806159902e-01 9.302258650963947730e+03
4.681525635914625671e-01 9.296778784596484911e+03
4.701947513023091441e-01 9.338997782954398645e+03
4.722369390131557765e-01 9.130134101988540351e+03
4.742791267240023534e-01 9.163623796258081711e+03
4.763213144348489303e-01 9.070736564550852563e+03
4.783635021456955627e-01 9.173835588826053936e+03
4.804056898565421396e-01 9.252329890552138750e+03
4.824478775673887165e-01 9.289882498091781599e+03
4.844900652782353490e-01 9.263569996777183405e+03
4.865322529890819259e-01 9.238359903639870026e+03
4.885744406999285028e-01 9.097219454923219018e+03
4.906166284107751352e-01 9.298871460466427379e+03
4.926588161216217121e-01 9.197875538066389709e+03
4.947010038324682890e-01 9.310393025832252533e+03
4.967431915433149214e-01 9.325721329593328846e+03
4.987853792541614983e-01 9.380100125814371495e+03
5.008275669650080753e-01 9.140690315716630721e+03
5.028697546758547077e-01 9.229575775651837830e+03
5.049119423867013401e-01 9.281016951904999587e+03
5.069541300975478615e-01 9.132195431330124848e+03
5.089963178083944939e-01 9.098451493256383401e+03
5.110385055192411263e-01 9.047039081080187316e+03
5.130806932300876477e-01 9.068206865744796232e+03
5.151228809409342801e-01 9.108234003397656124e+03
5.171650686517809126e-01 9.074074561236106092e+03
5.192072563626274340e-01 9.104635621799608998e+03
5.212494440734740664e-01 9.068087012724012311e+03
5.232916317843206988e-01 9.044294575542196981e+03
5.253338194951672202e-01 9.044026351150376286e+03
5.273760072060138526e-01 8.964811175474844276e+03
5.294181949168604850e-01 9.036036244229866497e+03
5.314603826277070064e-01 8.983516672771394951e+03
5.335025703385536389e-01 9.034238300429813535e+03
5.355447580494002713e-01 8.982167765999933181e+03
5.375869457602467927e-01 8.934419347274320899e+03
5.396291334710934251e-01 9.095144906335499400e+03
5.416713211819400575e-01 9.045516987763352518e+03
5.437135088927865789e-01 9.034633925942718633e+03
5.457556966036332113e-01 9.019065198266909647e+03
5.477978843144798438e-01 9.091462418901413912e+03
5.498400720253263652e-01 9.010225921446268330e+03
5.518822597361729976e-01 9.043939649648273189e+03
5.539244474470196300e-01 9.067446531280056661e+03
5.559666351578661514e-01 8.898844044507124636e+03
5.580088228687127838e-01 9.092332673923363473e+03
5.600510105795594162e-01 9.018095248206722317e+03
5.620931982904059376e-01 8.967724229377809024e+03
5.641353860012525701e-01 8.890010852321129278e+03
5.661775737120992025e-01 8.913042005984454590e+03
5.682197614229457239e-01 8.946273863988642916e+03
5.702619491337923563e-01 9.032131237292516744e+03
5.723041368446389887e-01 9.074325041552916446e+03
5.743463245554855101e-01 8.965085999647755671e+03
5.763885122663321425e-01 8.861274097554040054e+03
5.784306999771787750e-01 8.902682652277939269e+03
5.804728876880252963e-01 8.793114517975371200e+03
5.825150753988719288e-01 8.871191850698523922e+03
5.845572631097185612e-01 8.885640650973105949e+03
5.865994508205650826e-01 8.799154179780540289e+03
5.886416385314117150e-01 8.605757076458872689e+03
5.906838262422583474e-01 8.560391064727673438e+03
5.927260139531048688e-01 8.722202152868163466e+03
5.947682016639515012e-01 8.889479009082559060e+03
5.968103893747981337e-01 8.813385927908067970e+03
5.988525770856446551e-01 8.769988932632993965e+03
6.008947647964912875e-01 8.808674468108216388e+03
6.029369525073379199e-01 8.874419147741376946e+03
6.049791402181844413e-01 8.810431186545558376e+03
6.070213279290310737e-01 8.881936129466461352e+03
6.090635156398777061e-01 8.774240288767154198e+03
6.111057033507242275e-01 8.780203004979721300e+03
6.131478910615708600e-01 8.721836403112756670e+03
