4.993356424263128111e-03 2.721087898922845397e+03
8.503217038889454571e-03 5.092379081622444573e+03
1.201307765351611323e-02 9.285046395555687923e+03
1.552293826814254984e-02 1.270724859268466389e+04
1.903279888276898646e-02 1.749714228644436298e+04
2.254265949739542307e-02 1.034685645444429792e+04
2.605252011202208173e-02 9.125690189144523174e+03
2.956238072664851835e-02 8.594737168358056806e+03
3.307224134127495496e-02 8.288569813548332604e+03
3.658210195590161362e-02 8.431496579431212012e+03
4.009196257052805024e-02 8.393682280177037683e+03
4.360182318515448685e-02 8.165373285871701228e+03
4.711168379978092347e-02 8.342463266506656510e+03
5.062154441440758212e-02 8.165669584129691430e+03
5.413140502903401874e-02 8.286764521783134114e+03
5.764126564366045535e-02 8.024659917765343380e+03
6.115112625828700299e-02 7.991190958097995463e+03
6.466098687291355063e-02 8.041007672437306610e+03
6.817084748753998724e-02 8.030623334442052510e+03
7.168070810216653488e-02 8.057229386040245117e+03
7.519056871679297149e-02 7.859404868006738980e+03
7.870042933141951913e-02 7.904649292241044350e+03
8.221028994604595574e-02 7.917795246018850776e+03
8.572015056067250338e-02 7.870402551829560252e+03
8.923001117529894000e-02 7.843208497634947889e+03
9.273987178992548763e-02 7.842469143858413190e+03
9.624973240455203527e-02 7.817463467187423703e+03
9.975959301917847188e-02 7.818731525901807800e+03
1.032694536338050195e-01 7.792520278730063183e+03
1.067793142484314561e-01 7.663803619691283529e+03
1.102891748630580038e-01 7.760273532492283266e+03
1.137990354776844404e-01 7.743001749862311954e+03
1.173088960923109880e-01 7.797931183887587395e+03
1.208187567069374246e-01 7.687635120136959813e+03
1.243286173215639723e-01 7.744054908126187911e+03
1.278384779361905199e-01 7.767264280642311860e+03
1.313483385508169565e-01 7.567756281767125984e+03
1.348581991654435042e-01 7.503522422136078603e+03
1.383680597800699408e-01 7.697740578692185409e+03
1.418779203946964884e-01 7.553788553375969059e+03
1.453877810093229250e-01 7.473080358197614260e+03
1.488976416239494727e-01 7.579354559386566507e+03
1.524075022385759093e-01 7.380881118013079686e+03
1.559173628532024569e-01 7.443432051888707065e+03
1.594272234678290046e-01 7.568571510197694806e+03
1.629370840824554412e-01 7.458681131445307074e+03
1.664469446970819888e-01 7.307129494024387895e+03
1.699568053117084254e-01 7.356047271880689550e+03
1.734666659263349731e-01 7.336883328957123013e+03
1.769765265409614097e-01 7.350051558140324232e+03
1.804863871555879573e-01 7.266510166131748520e+03
1.839962477702143939e-01 7.209505880031150809e+03
1.875061083848409416e-01 7.097975700525533284e+03
1.910159689994674892e-01 7.109187987722535581e+03
1.945258296140939258e-01 7.040826304904484459e+03
1.980356902287204734e-01 7.130191149508088529e+03
2.015455508433469101e-01 7.247354615535906305e+03
2.050554114579734577e-01 7.063920550183064734e+03
2.085652720725998943e-01 6.967847702314167691e+03
2.120751326872264420e-01 6.894556642802976057e+03
2.155849933018528786e-01 6.922545200096785265e+03
2.190948539164794262e-01 6.774236976039254841e+03
2.226047145311059738e-01 6.840230850625502171e+03
2.261145751457324105e-01 6.774939202532220406e+03
2.296244357603589581e-01 6.884510120890172402e+03
2.331342963749853947e-01 6.684145155905920547e+03
2.366441569896119423e-01 6.693258756678818827e+03
2.401540176042383790e-01 6.699283118254724286e+03
2.436638782188649266e-01 6.856590439853549469e+03
2.471737388334913632e-01 6.629392499766236142e+03
2.506835994481179108e-01 6.715319515566153314e+03
2.541934600627444585e-01 6.511937201705380176e+03
2.577033206773708951e-01 6.590499946017105685e+03
2.612131812919974427e-01 6.622706525888102078e+03
2.647230419066238793e-01 6.547469270792671523e+03
2.682329025212504270e-01 6.578809738349262261e+03
2.717427631358768636e-01 6.499627662342957592e+03
2.752526237505034112e-01 6.582642840869895736e+03
2.787624843651298479e-01 6.566868488044004152e+03
2.822723449797563955e-01 6.473342700579235498e+03
2.857822055943829431e-01 6.250205948379757501e+03
2.892920662090093797e-01 6.306086328847831282e+03
2.928019268236359274e-01 6.337904090066450408e+03
2.963117874382623640e-01 6.244733842531646587e+03
2.998216480528889116e-01 6.267429215803853367e+03
3.033315086675153482e-01 6.203708859533027862e+03
3.068413692821418959e-01 6.184215380833051313e+03
3.103512298967683325e-01 6.131363417621077133e+03
3.138610905113948801e-01 6.161855471343056706e+03
3.173709511260214278e-01 6.073946851794984468e+03
3.208808117406478644e-01 6.125409357612247732e+03
3.243906723552744120e-01 6.142832626300637457e+03
3.279005329699008486e-01 6.208932595571414822e+03
3.314103935845273963e-01 6.053418988494148834e+03
3.349202541991538329e-01 6.009048514319222704e+03
3.384301148137803805e-01 6.074089449846017487e+03
3.419399754284068171e-01 5.970286172456265376e+03
3.454498360430333648e-01 6.054940956342642494e+03
3.489596966576599124e-01 5.984848687646606777e+03
3.524695572722863490e-01 5.970233573824925770e+03
3.559794178869128967e-01 5.984353842271279973e+03
3.594892785015393333e-01 5.933451722123140826e+03
3.629991391161658809e-01 5.915880363460436456e+03
3.665089997307923175e-01 5.874004849652010307e+03
3.700188603454188652e-01 5.860666559855972991e+03
3.735287209600453018e-01 5.842639506805810925e+03
3.770385815746718494e-01 5.937805105825194914e+03
3.805484421892983971e-01 5.927291470464207123e+03
3.840583028039248337e-01 5.894307626724524198e+03
3.875681634185513813e-01 5.992150260062713642e+03
3.910780240331778179e-01 5.747381395398984750e+03
3.945878846478043656e-01 5.724942991498746778e+03
3.980977452624308022e-01 5.902337822849282929e+03
4.016076058770573498e-01 5.828398642212586310e+03
4.051174664916837864e-01 5.776431626311872606e+03
4.086273271063103341e-01 5.816977877608086601e+03
4.121371877209367707e-01 5.766560695176653098e+03
4.156470483355633183e-01 5.709596399729730365e+03
4.191569089501898659e-01 5.686482436863894691e+03
4.226667695648163026e-01 5.709799950048948631e+03
4.261766301794428502e-01 5.666294831822622655e+03
4.296864907940692868e-01 5.697388451474485919e+03
4.331963514086958345e-01 5.674583643653706531e+03
4.367062120233222711e-01 5.721572259448093064e+03
4.402160726379488187e-01 5.678951389624024159e+03
4.437259332525752553e-01 5.640554813606167045e+03
4.472357938672018030e-01 5.715955499825705374e+03
4.507456544818283506e-01 5.709300747850144944e+03
4.542555150964547872e-01 5.595938899032434165e+03
4.577653757110813348e-01 5.696452904468583256e+03
4.612752363257077715e-01 5.781927139844846351e+03
4.647850969403343191e-01 5.561835747242158504e+03
4.682949575549607557e-01 5.648165505496851438e+03
4.718048181695873033e-01 5.601445668682275027e+03
4.753146787842137400e-01 5.483475668548003341e+03
4.788245393988402876e-01 5.576921521033892532e+03
4.823344000134668352e-01 5.502304173076343432e+03
4.858442606280932718e-01 5.546848255221441832e+03
4.893541212427198195e-01 5.653958884759103967e+03
4.928639818573462561e-01 5.538228397377635702e+03
4.963738424719728037e-01 5.643098391042719413e+03
4.998837030865992404e-01 5.513094640591286407e+03
5.033935637012257880e-01 5.595968528350428642e+03
5.069034243158522246e-01 5.605711485375217308e+03
5.104132849304787722e-01 5.514528264099374610e+03
5.139231455451053199e-01 5.349017648753723734e+03
5.174330061597317565e-01 5.582742924795633371e+03
5.209428667743583041e-01 5.578743943860677973e+03
5.244527273889847407e-01 5.501535878677771507e+03
5.279625880036112884e-01 5.549447393252782604e+03
5.314724486182377250e-01 5.431080492707502344e+03
5.349823092328642726e-01 5.597631419795895454e+03
5.384921698474907092e-01 5.453430668655107183e+03
5.420020304621172569e-01 5.423717060389576545e+03
5.455118910767438045e-01 5.463823983777771900e+03
5.490217516913702411e-01 5.492768762723200780e+03
5.525316123059967888e-01 5.401826263056089374e+03
5.560414729206232254e-01 5.365936012634374492e+03
5.595513335352497730e-01 5.390588803394195565e+03
5.630611941498762096e-01 5.393447769014292135e+03
5.665710547645027573e-01 5.421215067594848733e+03
5.700809153791293049e-01 5.350631574467890459e+03
5.735907759937557415e-01 5.443431305615034034e+03
5.771006366083821781e-01 5.321657031418957558e+03
5.806104972230087258e-01 5.313060502084308609e+03
5.841203578376352734e-01 5.321510290537664332e+03
5.876302184522617100e-01 5.241966791375034518e+03
5.911400790668882577e-01 5.341164939188004610e+03
5.946499396815148053e-01 5.345591178238300927e+03
5.981598002961412419e-01 5.337836047730487735e+03
6.016696609107676785e-01 5.399649924735059358e+03
6.051795215253942262e-01 5.335058702942807940e+03
6.086893821400207738e-01 5.389167243478591445e+03
6.121992427546472104e-01 5.136998381581018293e+03
6.157091033692736470e-01 5.255144515381666679e+03
6.192189639839001947e-01 5.281978703546778888e+03
6.227288245985267423e-01 5.180584177391351659e+03
6.262386852131531789e-01 5.136497435547857094e+03
6.297485458277797266e-01 5.244930138226433883e+03
6.332584064424062742e-01 5.194665139830953194e+03
6.367682670570327108e-01 5.161520947369527676e+03
6.402781276716591474e-01 5.093730816461861650e+03
6.437879882862856951e-01 5.116054694374786777e+03
6.472978489009122427e-01 5.151786844580496108e+03
6.508077095155386793e-01 5.199373257046463550e+03
6.543175701301652269e-01 5.204644300837298033e+03
6.578274307447917746e-01 5.163113761164050629e+03
6.613372913594182112e-01 5.156011781577963120e+03
6.648471519740446478e-01 5.156453511642419471e+03
6.683570125886711955e-01 5.110139162184803354e+03
6.718668732032977431e-01 5.166835873044508844e+03
6.753767338179241797e-01 5.135555042826792487e+03
6.788865944325506163e-01 5.068523434860353518e+03
6.823964550471771640e-01 5.191240279433723117e+03
6.859063156618037116e-01 5.139422257708028155e+03
6.894161762764301482e-01 5.044575040968181384e+03
6.929260368910566958e-01 5.094152453971611067e+03
6.964358975056832435e-01 5.050213401113272084e+03
6.999457581203096801e-01 5.095993628368445570e+03
7.034556187349361167e-01 5.060633051679242271e+03
7.069654793495626643e-01 5.158923793690117236e+03
7.104753399641892120e-01 5.096025740367426806e+03
7.139852005788156486e-01 5.125501549539131702e+03
7.174950611934421962e-01 4.992741727591745075e+03
7.210049218080687439e-01 5.071978487870153913e+03
7.245147824226951805e-01 5.160862245240776247e+03
7.280246430373216171e-01 5.210661390960407516e+03
7.315345036519481647e-01 5.143027970257661764e+03
7.350443642665747124e-01 5.164607128210674091e+03
7.385542248812011490e-01 5.068943836973856378e+03
7.420640854958275856e-01 5.167481232336789617e+03
7.455739461104541332e-01 5.102888487610176526e+03
7.490838067250806809e-01 5.017387934037798004e+03
7.525936673397071175e-01 5.142344159169576415e+03
7.561035279543336651e-01 5.146803993977293430e+03
7.596133885689602128e-01 5.009493065658449268e+03
7.631232491835866494e-01 5.024217937683930359e+03
7.666331097982130860e-01 5.058381802504728512e+03
7.701429704128396336e-01 5.050069750122932419e+03
7.736528310274661813e-01 4.950716228650007906e+03
7.771626916420926179e-01 5.089657462524371113e+03
7.806725522567190545e-01 5.082237446144357818e+03
7.841824128713457132e-01 5.013920060811716212e+03
7.876922734859721498e-01 4.992241825688677636e+03
7.912021341005985864e-01 5.095057863186485520e+03
7.947119947152251340e-01 4.910975543093537453e+03
7.982218553298516817e-01 5.115125913452258828e+03
8.017317159444781183e-01 5.033308215731260134e+03
8.052415765591045549e-01 4.940360729557409286e+03
8.087514371737311025e-01 4.920405167848615747e+03
8.122612977883576502e-01 4.918971523454288217e+03
8.157711584029840868e-01 4.918054602453681582e+03
8.192810190176106344e-01 4.952684177416057537e+03
8.227908796322371821e-01 4.915985135046583309e+03
8.263007402468636187e-01 4.920915770014696136e+03
8.298106008614900553e-01 4.889124431338279464e+03
8.333204614761166029e-01 4.849370144510464343e+03
8.368303220907431506e-01 4.898287445375591233e+03
8.403401827053695872e-01 4.853210491484942395e+03
8.438500433199961348e-01 4.954374031369737168e+03
8.473599039346225714e-01 4.854604557359615683e+03
8.508697645492491191e-01 4.812377178375007134e+03
8.543796251638755557e-01 4.906442833513473488e+03
8.578894857785021033e-01 4.925100884292471164e+03
8.613993463931286509e-01 4.863136551438923561e+03
8.649092070077550876e-01 4.957434658139252861e+03
8.684190676223815242e-01 4.881755669667538314e+03
8.719289282370080718e-01 4.834063399128022866e+03
8.754387888516346194e-01 4.785455191779749839e+03
8.789486494662610561e-01 4.835139572556620806e+03
8.824585100808876037e-01 4.791966093205661309e+03
8.859683706955141513e-01 4.794791578798986848e+03
8.894782313101405880e-01 4.786409064730156388e+03
8.929880919247670246e-01 4.786406277063878406e+03
8.964979525393935722e-01 4.741348757504344576e+03
9.000078131540201198e-01 4.833697813390042938e+03
9.035176737686465565e-01 4.795992537585674654e+03
9.070275343832731041e-01 4.742954770387474127e+03
9.105373949978995407e-01 4.717694159508054327e+03
9.140472556125260883e-01 4.815719273823477124e+03
9.175571162271525250e-01 4.765355087459745846e+03
9.210669768417790726e-01 4.750877697927398913e+03
9.245768374564056202e-01 4.718440822203910102e+03
9.280866980710320568e-01 4.718752161831277590e+03
9.315965586856586045e-01 4.676596316723765085e+03
9.351064193002850411e-01 4.742103008132771720e+03
9.386162799149115887e-01 4.709461230188019726e+03
9.421261405295380253e-01 4.637945200158752414e+03
9.456360011441645730e-01 4.613046059752401561e+03
9.491458617587910096e-01 4.696467229899416452e+03
9.526557223734175572e-01 4.596935281170419330e+03
9.561655829880439939e-01 4.713492659023940178e+03
9.596754436026705415e-01 4.609524605529639302e+03
9.631853042172970891e-01 4.546550348578763078e+03
9.666951648319235257e-01 4.605737979789794736e+03
9.702050254465500734e-01 4.633191375486121615e+03
9.737148860611765100e-01 4.491455275209618776e+03
9.772247466758030576e-01 4.619717263650756649e+03
9.807346072904294942e-01 4.581854932239780283e+03
9.842444679050560419e-01 4.457113027958394923e+03
9.877543285196825895e-01 4.597149533706397960e+03
9.912641891343090261e-01 4.534880394639880251e+03
9.947740497489355738e-01 4.630519570004617890e+03
9.982839103635620104e-01 4.575953725635006776e+03
1.001793770978188558e+00 4.558859416569644964e+03
1.005303631592814995e+00 4.544392844918344963e+03
1.008813492207441431e+00 4.553778961777580662e+03
1.012323352822068090e+00 4.587622724728747016e+03
1.015833213436694527e+00 4.580203455552869855e+03
1.019343074051320963e+00 4.466843174183455631e+03
1.022852934665947622e+00 4.564338347542817246e+03
1.026362795280574058e+00 4.490751967335675545e+03
1.029872655895200495e+00 4.340053456015434676e+03
1.033382516509826932e+00 4.433534053409217449e+03
1.036892377124453590e+00 4.495945984832360409e+03
1.040402237739080027e+00 4.459968042841653187e+03
1.043912098353706464e+00 4.483380710143997931e+03
1.047421958968332900e+00 4.456965056804210690e+03
1.050931819582959559e+00 4.391756266145514019e+03
1.054441680197585995e+00 4.158851040536716937e+03
