2.589044411916797961e-03 2.153746776125400174e+03
4.631416568634638686e-03 5.821920922627573418e+03
6.673788725352625129e-03 7.711448349975645215e+03
8.716160882070500548e-03 8.453179096945299534e+03
1.075853303878848699e-02 1.086526283750315997e+04
1.280090519550636241e-02 1.455450814971447107e+04
1.484327735222434885e-02 1.697440160308281702e+04
1.688564950894222427e-02 1.884733651426283541e+04
1.892802166566021072e-02 1.506970565616526983e+04
2.097039382237808613e-02 1.100945992330940862e+04
2.301276597909607258e-02 1.020569186998765508e+04
2.505513813581394800e-02 9.876238511808191106e+03
2.709751029253182342e-02 9.829623940689942174e+03
2.913988244924980986e-02 9.688112595545340810e+03
3.118225460596768528e-02 9.448255405285055531e+03
3.322462676268567172e-02 9.311678900832406725e+03
3.526699891940354714e-02 9.657941658775560427e+03
3.730937107612153358e-02 9.605464501165412003e+03
3.935174323283940900e-02 9.362742670123363496e+03
4.139411538955739545e-02 9.685326848209968375e+03
4.343648754627527087e-02 9.423329690169271998e+03
4.547885970299325731e-02 9.437143757305098916e+03
4.752123185971113273e-02 9.403222661403484381e+03
4.956360401642911917e-02 9.444798971863954648e+03
5.160597617314699459e-02 9.281816613026850973e+03
5.364834832986498103e-02 9.512033992568940448e+03
5.569072048658285645e-02 9.577864324149786626e+03
5.773309264330073187e-02 9.295042356263695183e+03
5.977546480001871831e-02 9.415567063453687297e+03
6.181783695673659373e-02 9.420341922124734992e+03
6.386020911345458018e-02 9.230557027074773941e+03
6.590258127017245560e-02 9.354796120786402753e+03
6.794495342689044204e-02 9.416889785166302318e+03
6.998732558360831746e-02 9.398807921555671783e+03
7.202969774032630390e-02 9.390674533898070877e+03
7.407206989704417932e-02 9.515249188332394624e+03
7.611444205376216576e-02 9.224095129845238262e+03
7.815681421048004118e-02 9.235251126236515120e+03
8.019918636719802763e-02 9.341273464355479518e+03
8.224155852391590305e-02 9.219638880315404094e+03
8.428393068063388949e-02 9.173649587128418716e+03
8.632630283735176491e-02 9.128093791737910578e+03
8.836867499406975135e-02 9.183118821927575482e+03
9.041104715078762677e-02 9.181437341435273993e+03
9.245341930750550219e-02 9.110923842845199033e+03
9.449579146422348863e-02 9.212729124990519267e+03
9.653816362094136405e-02 9.181387485520206610e+03
9.858053577765935049e-02 9.107335012497824209e+03
1.006229079343772259e-01 9.149556138872841984e+03
1.026652800910952124e-01 9.135491670972260181e+03
1.047076522478130878e-01 9.078407437306346765e+03
1.067500244045310742e-01 9.122939572350045637e+03
1.087923965612489496e-01 9.088906479684344959e+03
1.108347687179669361e-01 9.101217455373087432e+03
1.128771408746848115e-01 9.173077342318751107e+03
1.149195130314027424e-01 9.199624191248145507e+03
1.169618851881206734e-01 9.108357498559484156e+03
1.190042573448386043e-01 9.037891631633849101e+03
1.210466295015565352e-01 9.107983784664866107e+03
1.230890016582744662e-01 9.089040963838660900e+03
1.251313738149923971e-01 9.110019989362335764e+03
1.271737459717103280e-01 9.257924066296889578e+03
1.292161181284282589e-01 9.336905138658990836e+03
1.312584902851461899e-01 9.168352472713497264e+03
1.333008624418641208e-01 9.101210071614648768e+03
1.353432345985820517e-01 9.018616146958964237e+03
1.373856067552999827e-01 9.103675961923912837e+03
1.394279789120178581e-01 8.926061018163154586e+03
1.414703510687357890e-01 8.926381093250884078e+03
1.435127232254537200e-01 8.793788404781425925e+03
1.455550953821716509e-01 9.049723940760291953e+03
1.475974675388895818e-01 8.964676493520670192e+03
1.496398396956075127e-01 8.981487980959569541e+03
1.516822118523254437e-01 8.946460839777320871e+03
1.537245840090433746e-01 8.908456692924803065e+03
1.557669561657613055e-01 8.969661512933413178e+03
1.578093283224792365e-01 8.942990175005172205e+03
1.598517004791971674e-01 8.907165642393058079e+03
1.618940726359150983e-01 8.949863112809378435e+03
1.639364447926330293e-01 8.918588746701310811e+03
1.659788169493509602e-01 8.916425049714087436e+03
1.680211891060688911e-01 8.910107540735687508e+03
1.700635612627868221e-01 8.844923106241711139e+03
1.721059334195047530e-01 8.767108612288489894e+03
1.741483055762226284e-01 8.847436381816740322e+03
1.761906777329405593e-01 8.729707919424468855e+03
1.782330498896584903e-01 8.757846210278057697e+03
1.802754220463764212e-01 8.917940019039604522e+03
1.823177942030943521e-01 8.725662277035098668e+03
1.843601663598122831e-01 8.875249644844914656e+03
1.864025385165302140e-01 8.786589789191279124e+03
1.884449106732481449e-01 8.693394841272462145e+03
1.904872828299660759e-01 8.711971207372036588e+03
1.925296549866840068e-01 8.674315194451279240e+03
1.945720271434019377e-01 8.863000803357923360e+03
1.966143993001198687e-01 8.652481179759181032e+03
1.986567714568377996e-01 8.585809955262182484e+03
2.006991436135557305e-01 8.769226260833162087e+03
2.027415157702736614e-01 8.801411263357182179e+03
2.047838879269915369e-01 8.688240305206021731e+03
2.068262600837094678e-01 8.499251631320395973e+03
2.088686322404273987e-01 8.685855383376405371e+03
2.109110043971453297e-01 8.561379243384944857e+03
2.129533765538632606e-01 8.480854174192052596e+03
2.149957487105811915e-01 8.679543004343489883e+03
2.170381208672991225e-01 8.660544522767551825e+03
2.190804930240170534e-01 8.547334552118265492e+03
2.211228651807349843e-01 8.467524188504632548e+03
2.231652373374529152e-01 8.492306005555954471e+03
2.252076094941708462e-01 8.489398453407355191e+03
2.272499816508887771e-01 8.484824575931346772e+03
2.292923538076067080e-01 8.457529606575912112e+03
2.313347259643246390e-01 8.375881412939885195e+03
2.333770981210425699e-01 8.298928886927293206e+03
2.354194702777605008e-01 8.653509872870101390e+03
2.374618424344784318e-01 8.430886481728002764e+03
2.395042145911963072e-01 8.282054510818594281e+03
2.415465867479142381e-01 8.480266046456154072e+03
2.435889589046321690e-01 8.418901767271898279e+03
2.456313310613501000e-01 8.304754677758108301e+03
2.476737032180680309e-01 8.476314533525304796e+03
2.497160753747859618e-01 8.430572275631089724e+03
2.517584475315038928e-01 8.309475507894361726e+03
2.538008196882218237e-01 8.247280426561024797e+03
2.558431918449397546e-01 8.305199272271289374e+03
2.578855640016576856e-01 8.389326720990902686e+03
2.599279361583756165e-01 8.315967486320787430e+03
2.619703083150935474e-01 8.374215048623684197e+03
2.640126804718114784e-01 8.357363105456101039e+03
2.660550526285294093e-01 8.357647059645474656e+03
2.680974247852473402e-01 8.274335543326869811e+03
2.701397969419652156e-01 8.344442355892681007e+03
2.721821690986831466e-01 8.488738240190970828e+03
2.742245412554010775e-01 8.292377658579076524e+03
2.762669134121190084e-01 8.472956481723120305e+03
2.783092855688369394e-01 8.279858783495215903e+03
2.803516577255548703e-01 8.396046975352572190e+03
2.823940298822728012e-01 8.302705169297649263e+03
2.844364020389907322e-01 8.327214109821377860e+03
2.864787741957086631e-01 8.328992791097234658e+03
2.885211463524265940e-01 8.371217795962715172e+03
2.905635185091445249e-01 8.247015584095832310e+03
2.926058906658624559e-01 8.321635715059157519e+03
2.946482628225803868e-01 8.223196071912376283e+03
2.966906349792983177e-01 8.273675665134851442e+03
2.987330071360162487e-01 8.190894431900186646e+03
3.007753792927341796e-01 8.235898076555471562e+03
3.028177514494521105e-01 8.202565112884723931e+03
3.048601236061699860e-01 8.293181994559490704e+03
3.069024957628879169e-01 8.225070403581850769e+03
3.089448679196058478e-01 8.119800649970854465e+03
3.109872400763237787e-01 8.193680806867443607e+03
3.130296122330417097e-01 8.352933562668149534e+03
3.150719843897596406e-01 8.144327370778825752e+03
3.171143565464775715e-01 8.150228796831608634e+03
3.191567287031955025e-01 8.071281935749070726e+03
3.211991008599134334e-01 8.109407047237838015e+03
3.232414730166313643e-01 8.156569805875630664e+03
3.252838451733492953e-01 8.160079961447561800e+03
3.273262173300672262e-01 8.276201271882791843e+03
3.293685894867851571e-01 8.075742329760025314e+03
3.314109616435030881e-01 8.059572231130348882e+03
3.334533338002210190e-01 8.198065811978023703e+03
3.354957059569388944e-01 8.152567762173175652e+03
3.375380781136568253e-01 8.020962284289839772e+03
3.395804502703747563e-01 8.208365905521925015e+03
3.416228224270926872e-01 8.262432201866737159e+03
3.436651945838106181e-01 8.101985682564803028e+03
3.457075667405285491e-01 8.086054426337206678e+03
3.477499388972464800e-01 8.176931286648895366e+03
3.497923110539644109e-01 8.340432534507266610e+03
3.518346832106823419e-01 8.253488479598017875e+03
3.538770553674002728e-01 8.196401280945554390e+03
3.559194275241182037e-01 8.210581748732762208e+03
3.579617996808361347e-01 8.310914235909971467e+03
3.600041718375540656e-01 8.120662850621447433e+03
3.620465439942719965e-01 8.232446600387796934e+03
3.640889161509899274e-01 8.081737433524710468e+03
3.661312883077078029e-01 8.016927560486568836e+03
3.681736604644257893e-01 8.191098239828455917e+03
3.702160326211436647e-01 8.020875799554097284e+03
3.722584047778616512e-01 8.101498482191822404e+03
3.743007769345795266e-01 8.167382707188299719e+03
3.763431490912974575e-01 8.011361270942594274e+03
3.783855212480153885e-01 7.970415850274655895e+03
3.804278934047333194e-01 8.036688034326589332e+03
3.824702655614512503e-01 8.196201267892392934e+03
3.845126377181691812e-01 8.076931857758610022e+03
3.865550098748871122e-01 7.979297748006056281e+03
3.885973820316050431e-01 8.005853229129703323e+03
3.906397541883229740e-01 8.109693364761885277e+03
3.926821263450409050e-01 8.170503213636416149e+03
3.947244985017588359e-01 8.284001432504161130e+03
3.967668706584767113e-01 8.078480742525466667e+03
3.988092428151946978e-01 8.079582081837404075e+03
4.008516149719125732e-01 8.170798824762132426e+03
4.028939871286305596e-01 8.055801467280551151e+03
4.049363592853484350e-01 8.094892643858910560e+03
4.069787314420664215e-01 8.096757305324991648e+03
4.090211035987842969e-01 8.022963367948845189e+03
4.110634757555022278e-01 8.125664321512616880e+03
4.131058479122201588e-01 8.110711743981943073e+03
4.151482200689380897e-01 8.113141625114195449e+03
4.171905922256560206e-01 8.088795075607668878e+03
4.192329643823739516e-01 8.073038254778501141e+03
4.212753365390918825e-01 8.052827538353674754e+03
4.233177086958098134e-01 8.246844854749180740e+03
4.253600808525277444e-01 8.210859216927807211e+03
4.274024530092456198e-01 8.086770060083070348e+03
4.294448251659636062e-01 8.004439395326066006e+03
4.314871973226814816e-01 7.982509053551024408e+03
4.335295694793994681e-01 7.885610219672621497e+03
4.355719416361173435e-01 7.912976990773928264e+03
4.376143137928353299e-01 8.066734780448813581e+03
4.396566859495532054e-01 8.002687211144906541e+03
4.416990581062711363e-01 8.009852342573842179e+03
4.437414302629890672e-01 7.940140425204719577e+03
4.457838024197069982e-01 7.946030457086051683e+03
4.478261745764249291e-01 8.019516734809910304e+03
4.498685467331428600e-01 8.047030609552940405e+03
4.519109188898607909e-01 7.964570295452649589e+03
4.539532910465787219e-01 7.964193369203630027e+03
4.559956632032966528e-01 8.028842912018173593e+03
4.580380353600145837e-01 8.082425441616329408e+03
4.600804075167325147e-01 7.972136441929349530e+03
4.621227796734503901e-01 8.003061713157378108e+03
4.641651518301683765e-01 7.870413940094792451e+03
4.662075239868862520e-01 8.006189911057229438e+03
4.682498961436042384e-01 8.048305813896666223e+03
4.702922683003221138e-01 7.927112918285528394e+03
4.723346404570401003e-01 7.866519397285866944e+03
4.743770126137579757e-01 7.930939350391847256e+03
4.764193847704759066e-01 7.817567363393483902e+03
4.784617569271938375e-01 7.857427261652060224e+03
4.805041290839117685e-01 7.774699295106168393e+03
4.825465012406296994e-01 7.972916010099072082e+03
4.845888733973476303e-01 7.984987742619242454e+03
4.866312455540655613e-01 7.956077096625062040e+03
4.886736177107834922e-01 7.787633642173239423e+03
4.907159898675014231e-01 7.869384528063103062e+03
4.927583620242193541e-01 7.996468616720085265e+03
4.948007341809372850e-01 7.818504541854274066e+03
4.968431063376551604e-01 7.926405036741924050e+03
4.988854784943731469e-01 7.971433624697543564e+03
5.009278506510910223e-01 7.864490196807426400e+03
5.029702228078090087e-01 7.892081396928009781e+03
5.050125949645268841e-01 7.855133063203421443e+03
5.070549671212448706e-01 7.756657325850533198e+03
5.090973392779627460e-01 7.818303443641989361e+03
5.111397114346807324e-01 7.933054509860995495e+03
5.131820835913986079e-01 7.800383476662726025e+03
5.152244557481164833e-01 7.883015803643535037e+03
5.172668279048344697e-01 7.840577285389137614e+03
5.193092000615524562e-01 7.748443400860123802e+03
5.213515722182703316e-01 7.789899145105847310e+03
5.233939443749882070e-01 7.807419620708729781e+03
5.254363165317061934e-01 7.692610377687709843e+03
5.274786886884240689e-01 7.693552901421705428e+03
5.295210608451420553e-01 7.734058251443868357e+03
5.315634330018599307e-01 7.801122634867983834e+03
5.336058051585779172e-01 7.590549322600978485e+03
5.356481773152957926e-01 7.831495888154853674e+03
5.376905494720137790e-01 7.712966186482255580e+03
5.397329216287316545e-01 7.731426237177322037e+03
5.417752937854496409e-01 7.788148758093944707e+03
5.438176659421675163e-01 7.881290484337930138e+03
5.458600380988853917e-01 7.683037825563498700e+03
5.479024102556033782e-01 7.768638091493896354e+03
5.499447824123213646e-01 7.655172164115663691e+03
5.519871545690392400e-01 7.740879219075456604e+03
5.540295267257571155e-01 7.820301808958320180e+03
5.560718988824751019e-01 7.708074638707195845e+03
5.581142710391929773e-01 7.782437105245617204e+03
5.601566431959109638e-01 7.811502923538232608e+03
5.621990153526288392e-01 7.600470981385740743e+03
5.642413875093468256e-01 7.716433548979401166e+03
5.662837596660647010e-01 7.722635095583472321e+03
5.683261318227826875e-01 7.692607440040923393e+03
5.703685039795005629e-01 7.778914219047706865e+03
5.724108761362185493e-01 7.829918201452344874e+03
5.744532482929364248e-01 7.767971926911009177e+03
5.764956204496544112e-01 7.711797559727992848e+03
5.785379926063722866e-01 7.638413998623276711e+03
5.805803647630902731e-01 7.597950775736640026e+03
5.826227369198081485e-01 7.685963437019936464e+03
5.846651090765260239e-01 7.577683589380341800e+03
5.867074812332440104e-01 7.694211630554084877e+03
5.887498533899618858e-01 7.459037790233343912e+03
5.907922255466798722e-01 7.450924656559439427e+03
5.928345977033977476e-01 7.693224551522828733e+03
5.948769698601157341e-01 7.663243896328788651e+03
5.969193420168336095e-01 7.617011771029861848e+03
5.989617141735515959e-01 7.759557074018910498e+03
6.010040863302694714e-01 7.644445349560212890e+03
6.030464584869874578e-01 7.641146029693860328e+03
6.050888306437053332e-01 7.625896213312270447e+03
6.071312028004233197e-01 7.539996503207822570e+03
6.091735749571411951e-01 7.716953932480119875e+03
6.112159471138591815e-01 7.663308184435766634e+03
6.132583192705770569e-01 7.518636762220759920e+03
