8.529445366182661099e-05 0.000000000000000000e+00
3.611496296149319107e-03 3.928719251913888456e+03
7.137698138636849876e-03 4.188029446144981193e+03
1.066389998112438064e-02 4.625164280998602408e+03
1.419010182361191141e-02 6.767239394155818445e+03
1.771630366609944218e-02 7.959684389865555204e+03
2.124250550858697295e-02 4.831327417860174137e+03
2.476870735107450372e-02 4.561655829213112156e+03
2.829490919356203449e-02 4.422187538525705349e+03
3.182111103604956526e-02 4.358992212443046810e+03
3.534731287853709603e-02 4.573615919875616783e+03
3.887351472102462679e-02 4.453929332020937181e+03
4.239971656351215756e-02 4.462891344077075701e+03
4.592591840599968833e-02 4.468515263409171894e+03
4.945212024848721910e-02 4.488504462605150366e+03
5.297832209097474987e-02 4.578708163192653956e+03
5.650452393346228064e-02 4.599588258879548448e+03
6.003072577594981141e-02 4.552428083837780832e+03
6.355692761843734218e-02 4.459066546533520523e+03
6.708312946092487294e-02 4.513036124017265138e+03
7.060933130341240371e-02 4.584249749456765130e+03
7.413553314589993448e-02 4.706838944860907759e+03
7.766173498838746525e-02 4.462724518290766355e+03
8.118793683087499602e-02 4.354109889304603712e+03
8.471413867336252679e-02 4.398337036637964957e+03
8.824034051585005756e-02 4.546331891537807678e+03
9.176654235833758833e-02 4.533745063872913306e+03
9.529274420082511909e-02 4.492458438790536093e+03
9.881894604331264986e-02 4.500680914138067237e+03
1.023451478858000696e-01 4.526337317925568641e+03
1.058713497282876004e-01 4.455604110425794715e+03
1.093975515707751311e-01 4.576857911854150188e+03
1.129237534132626619e-01 4.477467678582978806e+03
1.164499552557501927e-01 4.440607301810447098e+03
1.199761570982377235e-01 4.521867855223243168e+03
1.235023589407252542e-01 4.494269240084791818e+03
1.270285607832127850e-01 4.573759026129253471e+03
1.305547626257003158e-01 4.529019604443865319e+03
1.340809644681878465e-01 4.577600391497679084e+03
1.376071663106753773e-01 4.573058103004157601e+03
1.411333681531629081e-01 4.596754269905564797e+03
1.446595699956504388e-01 4.505387688610219811e+03
1.481857718381379696e-01 4.546027555078823752e+03
1.517119736806255004e-01 4.458308746607527610e+03
1.552381755231130311e-01 4.432970270830624031e+03
1.587643773656005619e-01 4.546726185790297677e+03
1.622905792080880927e-01 4.548860820436108042e+03
1.658167810505756234e-01 4.558987308605258477e+03
1.693429828930631542e-01 4.551885573043921795e+03
1.728691847355506850e-01 4.468280547283593478e+03
1.763953865780382158e-01 4.531842451799168884e+03
1.799215884205257465e-01 4.475149627986760606e+03
1.834477902630132773e-01 4.393800776418927853e+03
1.869739921055008081e-01 4.394864625948846879e+03
1.905001939479883388e-01 4.526246729817828964e+03
1.940263957904758696e-01 4.487131088477060985e+03
1.975525976329634004e-01 4.541846463601247706e+03
2.010787994754509311e-01 4.510882895977959379e+03
2.046050013179383509e-01 4.562086475479084584e+03
2.081312031604258816e-01 4.490502967646228171e+03
2.116574050029134124e-01 4.502385509880601603e+03
2.151836068454009432e-01 4.513776001497156358e+03
2.187098086878884740e-01 4.500558975926564017e+03
2.222360105303760047e-01 4.445139071824740313e+03
2.257622123728635355e-01 4.417226483444024780e+03
2.292884142153510663e-01 4.539761828120761493e+03
2.328146160578385970e-01 4.463545945751042382e+03
2.363408179003261278e-01 4.461662270298952535e+03
2.398670197428136586e-01 4.476469751036953312e+03
2.433932215853011893e-01 4.505593255846108150e+03
2.469194234277887201e-01 4.446594421666793096e+03
2.504456252702762509e-01 4.456650990314676164e+03
2.539718271127637816e-01 4.439498045177857421e+03
2.574980289552513124e-01 4.466380260146865112e+03
2.610242307977388432e-01 4.409502548750135247e+03
2.645504326402263739e-01 4.444222885218305237e+03
2.680766344827139047e-01 4.492531857025371210e+03
2.716028363252014355e-01 4.386706522134973966e+03
2.751290381676889663e-01 4.509355724794282651e+03
2.786552400101764970e-01 4.436154653681225682e+03
2.821814418526640278e-01 4.390371162750945587e+03
2.857076436951515586e-01 4.500472337344430343e+03
2.892338455376390893e-01 4.358633328672165590e+03
2.927600473801266201e-01 4.416108502316573322e+03
2.962862492226141509e-01 4.365432764538487390e+03
2.998124510651016816e-01 4.328658466494700406e+03
3.033386529075891014e-01 4.426943436736002695e+03
3.068648547500766322e-01 4.355395712718556751e+03
3.103910565925641629e-01 4.297687714291240809e+03
3.139172584350516937e-01 4.322113323880087592e+03
3.174434602775392245e-01 4.364338998315825847e+03
3.209696621200267552e-01 4.336658677320689094e+03
3.244958639625142860e-01 4.422947015089867818e+03
3.280220658050018168e-01 4.424253868367546602e+03
3.315482676474893475e-01 4.473640033232049063e+03
3.350744694899768783e-01 4.436287866097956794e+03
3.386006713324644091e-01 4.364581668902268575e+03
3.421268731749519398e-01 4.399522508442536491e+03
3.456530750174394706e-01 4.426957073476132791e+03
3.491792768599270014e-01 4.370433451549682104e+03
3.527054787024145321e-01 4.434666945676802243e+03
3.562316805449020629e-01 4.397622939458851761e+03
3.597578823873895937e-01 4.397159564433665764e+03
3.632840842298771245e-01 4.323815616634669823e+03
3.668102860723646552e-01 4.396757243800153447e+03
3.703364879148521860e-01 4.193983885555106099e+03
3.738626897573397168e-01 4.349268034680809251e+03
3.773888915998272475e-01 4.346116269395323798e+03
3.809150934423147783e-01 4.386849914660152535e+03
3.844412952848023091e-01 4.329146489971149094e+03
3.879674971272898398e-01 4.398741001673998653e+03
3.914936989697773706e-01 4.347024997864210491e+03
3.950199008122649014e-01 4.359564785771903189e+03
3.985461026547524321e-01 4.429826270782177744e+03
4.020723044972399629e-01 4.409085016196209835e+03
4.055985063397273827e-01 4.463019421259414230e+03
4.091247081822149134e-01 4.366276761642469864e+03
4.126509100247024442e-01 4.331923737299601271e+03
4.161771118671899750e-01 4.376934269170048537e+03
4.197033137096775057e-01 4.323513796922919937e+03
4.232295155521650365e-01 4.355312905180908274e+03
4.267557173946525673e-01 4.285319167728737739e+03
4.302819192371400980e-01 4.247803753686906930e+03
4.338081210796276288e-01 4.296475962580325358e+03
4.373343229221151596e-01 4.348148437103045580e+03
4.408605247646026903e-01 4.256365717637824673e+03
4.443867266070902211e-01 4.358830851093285673e+03
4.479129284495777519e-01 4.336874595646383568e+03
4.514391302920652826e-01 4.308210227297791789e+03
4.549653321345528134e-01 4.339334552458364669e+03
4.584915339770403442e-01 4.296968542330798300e+03
4.620177358195278750e-01 4.428104815349555793e+03
4.655439376620154057e-01 4.500563898328678988e+03
4.690701395045029365e-01 4.274525710928484841e+03
4.725963413469904673e-01 4.359276717479430772e+03
4.761225431894779980e-01 4.182411322002005363e+03
4.796487450319655288e-01 4.297106038146214814e+03
4.831749468744530596e-01 4.246262096845798624e+03
4.867011487169405903e-01 4.313150557091704286e+03
4.902273505594281211e-01 4.295891765612293966e+03
4.937535524019156519e-01 4.316838565560124152e+03
4.972797542444031826e-01 4.328049823186478534e+03
5.008059560868907134e-01 4.327062956013597613e+03
5.043321579293781332e-01 4.255977890906436187e+03
5.078583597718656639e-01 4.293546662272957292e+03
5.113845616143531947e-01 4.305489935948591665e+03
5.149107634568407255e-01 4.198256307799622846e+03
5.184369652993282562e-01 4.281786340966018543e+03
5.219631671418157870e-01 4.260121903547787952e+03
5.254893689843033178e-01 4.389619308553775227e+03
5.290155708267908485e-01 4.355435351045480274e+03
5.325417726692783793e-01 4.320175336675463768e+03
5.360679745117659101e-01 4.349216025415826152e+03
5.395941763542534408e-01 4.286287271673995747e+03
5.431203781967409716e-01 4.285805126746427959e+03
5.466465800392285024e-01 4.259845956660559750e+03
5.501727818817160331e-01 4.247538937865005209e+03
5.536989837242035639e-01 4.178235732875150461e+03
5.572251855666910947e-01 4.242412813621891473e+03
5.607513874091786255e-01 4.242164590889265128e+03
5.642775892516661562e-01 4.219546379726437408e+03
5.678037910941536870e-01 4.196602369206055300e+03
5.713299929366412178e-01 4.223053007567476016e+03
5.748561947791287485e-01 4.226140557208582322e+03
5.783823966216161683e-01 4.224956034089312197e+03
5.819085984641036990e-01 4.212760552306148384e+03
5.854348003065912298e-01 4.161316058327857718e+03
5.889610021490787606e-01 4.154630079927887891e+03
5.924872039915662914e-01 4.162168505310310138e+03
5.960134058340538221e-01 4.198248975788075768e+03
5.995396076765413529e-01 4.216048192417607424e+03
6.030658095190288837e-01 4.220196016125912138e+03
6.065920113615164144e-01 4.171298163801524424e+03
6.101182132040039452e-01 4.238166469000998404e+03
6.136444150464914760e-01 4.188798364054207923e+03
6.171706168889790067e-01 4.161248980758280595e+03
6.206968187314665375e-01 4.096912977310640599e+03
6.242230205739540683e-01 4.130610031105425151e+03
6.277492224164415990e-01 4.182397345105919158e+03
6.312754242589291298e-01 4.084027829597942400e+03
6.348016261014166606e-01 4.085018725019404883e+03
6.383278279439041913e-01 4.139537522077831454e+03
6.418540297863917221e-01 4.105663214066034925e+03
6.453802316288792529e-01 4.116413051384099163e+03
6.489064334713667836e-01 4.141857869613894763e+03
6.524326353138543144e-01 4.079617881144107287e+03
6.559588371563418452e-01 4.070481732292541892e+03
6.594850389988293760e-01 4.178476765505264666e+03
6.630112408413169067e-01 4.080928256511460859e+03
6.665374426838044375e-01 4.106617827521989966e+03
6.700636445262919683e-01 4.163367571876607144e+03
6.735898463687794990e-01 4.101474873384782768e+03
6.771160482112670298e-01 4.011668496624494765e+03
6.806422500537545606e-01 4.166335333816909952e+03
6.841684518962420913e-01 4.084358947964966319e+03
6.876946537387296221e-01 4.093571231737691051e+03
6.912208555812171529e-01 4.021874518520522997e+03
6.947470574237046836e-01 3.906675190781424590e+03
6.982732592661922144e-01 4.098271732956265623e+03
7.017994611086797452e-01 4.085199193817538344e+03
7.053256629511672759e-01 4.067340409568824725e+03
7.088518647936548067e-01 4.074260212644216153e+03
7.123780666361423375e-01 4.050907977350489091e+03
7.159042684786298683e-01 4.158223739939999177e+03
7.194304703211173990e-01 4.003673687568776131e+03
7.229566721636049298e-01 4.102179095678880913e+03
7.264828740060924606e-01 4.101379157113615292e+03
7.300090758485798803e-01 4.037417134838418406e+03
7.335352776910674111e-01 4.113194813015439649e+03
7.370614795335549418e-01 4.094630790899715976e+03
7.405876813760424726e-01 4.145989079845516244e+03
7.441138832185300034e-01 4.053931487215110337e+03
7.476400850610175342e-01 3.964411894625883178e+03
7.511662869035050649e-01 4.021393655877872789e+03
7.546924887459925957e-01 4.047059816535025220e+03
7.582186905884801265e-01 4.079437486019522566e+03
7.617448924309676572e-01 3.987992960765101088e+03
7.652710942734551880e-01 4.066140280701151823e+03
7.687972961159427188e-01 3.988679111620457661e+03
7.723234979584302495e-01 4.060684555708008702e+03
7.758496998009177803e-01 3.948004076047413491e+03
7.793759016434052000e-01 4.049782258200153137e+03
7.829021034858927308e-01 4.110863724706854555e+03
7.864283053283802616e-01 4.057085938011035978e+03
7.899545071708677924e-01 4.119990876126929834e+03
7.934807090133553231e-01 4.070457357096232499e+03
7.970069108558428539e-01 4.029696605299455769e+03
8.005331126983303847e-01 4.005633719850541638e+03
8.040593145408179154e-01 3.879089448675000313e+03
8.075855163833054462e-01 3.959904326410251542e+03
8.111117182257929770e-01 3.989212537298003554e+03
8.146379200682805077e-01 4.082354281220635585e+03
8.181641219107680385e-01 3.910417478298294554e+03
8.216903237532555693e-01 4.043895040877197516e+03
8.252165255957431000e-01 4.027036118025396263e+03
8.287427274382306308e-01 3.978549713892528871e+03
8.322689292807181616e-01 4.019351643766884081e+03
8.357951311232056923e-01 4.004768965531332469e+03
8.393213329656932231e-01 4.018287934501565360e+03
8.428475348081807539e-01 4.024656665119770878e+03
8.463737366506682847e-01 3.912755125175979174e+03
8.498999384931558154e-01 3.950703802940146943e+03
8.534261403356433462e-01 3.999459031546394726e+03
8.569523421781308770e-01 3.876611166775063339e+03
8.604785440206184077e-01 3.934917390069350859e+03
8.640047458631059385e-01 3.986130106416959734e+03
8.675309477055934693e-01 3.908901603596969380e+03
8.710571495480810000e-01 3.865813121385295290e+03
8.745833513905685308e-01 3.848833236087190016e+03
8.781095532330560616e-01 3.859989717441845642e+03
8.816357550755435923e-01 3.830099580684192915e+03
8.851619569180311231e-01 3.883597125407964995e+03
8.886881587605186539e-01 3.920552064065425384e+03
8.922143606030061846e-01 3.945401744257247628e+03
8.957405624454937154e-01 3.868260006870043526e+03
8.992667642879812462e-01 3.938232229560660471e+03
9.027929661304687770e-01 3.865351400313804334e+03
9.063191679729563077e-01 3.928085087429661144e+03
9.098453698154438385e-01 3.808251967043688637e+03
9.133715716579313693e-01 3.851411007012033679e+03
9.168977735004187890e-01 3.806422843539598489e+03
9.204239753429063198e-01 3.839519504863362272e+03
9.239501771853938505e-01 3.833042764599944803e+03
9.274763790278813813e-01 3.867619860581327885e+03
9.310025808703689121e-01 3.815288292219177947e+03
9.345287827128564428e-01 3.781612783616405068e+03
9.380549845553439736e-01 3.888179577572980634e+03
9.415811863978315044e-01 3.754262192032608255e+03
9.451073882403190352e-01 3.679058170764333227e+03
9.486335900828065659e-01 3.784413385880964142e+03
9.521597919252940967e-01 3.825043336602628187e+03
9.556859937677816275e-01 3.765749104284411260e+03
9.592121956102691582e-01 3.712863083820499469e+03
9.627383974527566890e-01 3.706214161099947432e+03
9.662645992952442198e-01 3.794817282933991464e+03
9.697908011377317505e-01 3.750331372332096180e+03
9.733170029802192813e-01 3.596914841809415520e+03
9.768432048227068121e-01 3.664915026600491274e+03
9.803694066651943428e-01 3.739132006551552422e+03
9.838956085076818736e-01 3.698627428195392895e+03
9.874218103501694044e-01 3.713393613041253957e+03
9.909480121926569351e-01 3.751571853467464734e+03
9.944742140351444659e-01 3.743136825676985609e+03
9.980004158776319967e-01 3.811855232227307170e+03
1.001526617720119416e+00 3.639831182572189846e+03
1.005052819562606947e+00 3.726399258107537207e+03
1.008579021405094478e+00 3.731236754666423167e+03
1.012105223247582009e+00 3.764313565834593646e+03
1.015631425090069540e+00 3.640432346198722371e+03
1.019157626932557070e+00 3.734161744045354226e+03
1.022683828775044601e+00 3.739268644584975846e+03
1.026210030617532132e+00 3.651596067984997262e+03
1.029736232460019663e+00 3.557673757347723040e+03
1.033262434302507193e+00 3.657392962406056540e+03
1.036788636144994724e+00 3.679910289258618832e+03
1.040314837987482255e+00 3.676445760129591235e+03
1.043841039829969786e+00 3.689787395144398943e+03
1.047367241672457316e+00 3.557053918209121093e+03
1.050893443514944847e+00 3.540913934936247642e+03
1.054419645357432378e+00 3.394338369976005197e+03
