1.267864548686070680e+00 2.009913182071140909e+04
1.269921569200444189e+00 2.007571340196939855e+04
1.271978589714817920e+00 1.987557998991497880e+04
1.274035610229191429e+00 1.999994569688628690e+04
1.276092630743565159e+00 1.978445917490137435e+04
1.278149651257938668e+00 1.970767751690392834e+04
1.280206671772312177e+00 1.982325898444775521e+04
1.282263692286685908e+00 1.988243132552901807e+04
1.284320712801059416e+00 1.964367713661107700e+04
1.286377733315433147e+00 1.956608916001579200e+04
1.288434753829806656e+00 1.965461277975612029e+04
1.290491774344180165e+00 1.943770993774947783e+04
1.292548794858553896e+00 1.941866761328231587e+04
1.294605815372927404e+00 1.947849932984673796e+04
1.296662835887301135e+00 1.957440392206615070e+04
1.298719856401674644e+00 1.927956538830760837e+04
1.300776876916048153e+00 1.933274806818834259e+04
1.302833897430421883e+00 1.900696288486749836e+04
1.304890917944795392e+00 1.911616475594559961e+04
1.306947938459169123e+00 1.910713477577707818e+04
1.309004958973542632e+00 1.900922527377274673e+04
1.311061979487916140e+00 1.904874013700999421e+04
1.313119000002289871e+00 1.897492631923063163e+04
1.315176020516663380e+00 1.893305845464669255e+04
1.317233041031036889e+00 1.883992686863342533e+04
1.319290061545410619e+00 1.872725364448416440e+04
1.321347082059784128e+00 1.887045901587817934e+04
1.323404102574157859e+00 1.881883546280572045e+04
1.325461123088531368e+00 1.881130318944764440e+04
1.327518143602904876e+00 1.859562284519397144e+04
1.329575164117278607e+00 1.866225391585859325e+04
1.331632184631652116e+00 1.878679761792150020e+04
1.333689205146025847e+00 1.856109953551750732e+04
1.335746225660399356e+00 1.847727924872970107e+04
1.337803246174772864e+00 1.838721551372787508e+04
1.339860266689146595e+00 1.829935016913340587e+04
1.341917287203520104e+00 1.842787078258872862e+04
1.343974307717893613e+00 1.839164628030823224e+04
1.346031328232267343e+00 1.836628533226106811e+04
1.348088348746640852e+00 1.829911216951658571e+04
1.350145369261014583e+00 1.810657375004784990e+04
1.352202389775388092e+00 1.810758013728937658e+04
1.354259410289761600e+00 1.812985339109729102e+04
1.356316430804135331e+00 1.799581399947363025e+04
1.358373451318508840e+00 1.805651698841204779e+04
1.360430471832882571e+00 1.801965029885725380e+04
1.362487492347256079e+00 1.805404672478167777e+04
1.364544512861629588e+00 1.791348766898219765e+04
1.366601533376003319e+00 1.786995800401796441e+04
1.368658553890376828e+00 1.815704763323941370e+04
1.370715574404750559e+00 1.815132537355661043e+04
1.372772594919124067e+00 1.811368676763376789e+04
1.374829615433497576e+00 1.807809860582387773e+04
1.376886635947871307e+00 1.818765856978252123e+04
1.378943656462244816e+00 1.830901676650292211e+04
1.381000676976618546e+00 1.858096243076707469e+04
1.383057697490992055e+00 1.873762886806655297e+04
1.385114718005365564e+00 1.876413467730319462e+04
1.387171738519739295e+00 1.841241903347973857e+04
1.389228759034112803e+00 1.840772026991264283e+04
1.391285779548486534e+00 1.830217099457249424e+04
1.393342800062860043e+00 1.837842117422270530e+04
1.395399820577233552e+00 1.831121122937538166e+04
1.397456841091607282e+00 1.851098309898484149e+04
1.399513861605980791e+00 1.851368827774089368e+04
1.401570882120354522e+00 1.849347521858354230e+04
1.403627902634728031e+00 1.844490729032937452e+04
1.405684923149101540e+00 1.831789749284703794e+04
1.407741943663475270e+00 1.841873881338723731e+04
1.409798964177848779e+00 1.857613626792759169e+04
1.411855984692222510e+00 1.841333978921333619e+04
1.413913005206596019e+00 1.846762797799673353e+04
1.415970025720969527e+00 1.867724415795679670e+04
1.418027046235343258e+00 1.869964093158690230e+04
1.420084066749716767e+00 1.863412190021397691e+04
1.422141087264090498e+00 1.870597157614557727e+04
1.424198107778464006e+00 1.889463884399901144e+04
1.426255128292837515e+00 1.917262455244922603e+04
1.428312148807211246e+00 1.932696125952027796e+04
1.430369169321584755e+00 1.937236536167549639e+04
1.432426189835958485e+00 1.958317797900252481e+04
1.434483210350331994e+00 1.981413738828997157e+04
1.436540230864705503e+00 2.025943088967875519e+04
1.438597251379079234e+00 2.081422758726122629e+04
1.440654271893452743e+00 2.131084902289653837e+04
1.442711292407826473e+00 2.197420200205422225e+04
1.444768312922199982e+00 2.285038690517274517e+04
1.446825333436573491e+00 2.337441338125496623e+04
1.448882353950947222e+00 2.436791780158731126e+04
1.450939374465320730e+00 2.556597655206841591e+04
1.452996394979694239e+00 2.629283226543444835e+04
1.455053415494067970e+00 2.652428863457070838e+04
1.457110436008441479e+00 2.623546159091953450e+04
1.459167456522815209e+00 2.586874517293034660e+04
1.461224477037188718e+00 2.507865411518517431e+04
1.463281497551562227e+00 2.411763928980136188e+04
1.465338518065935958e+00 2.344036626434040954e+04
1.467395538580309466e+00 2.258482857478550432e+04
1.469452559094683197e+00 2.221898690190391062e+04
1.471509579609056706e+00 2.190251122743732776e+04
1.473566600123430215e+00 2.151731282898301652e+04
1.475623620637803945e+00 2.169963983525245931e+04
1.477680641152177454e+00 2.147935906029482430e+04
1.479737661666551185e+00 2.139073897085288991e+04
1.481794682180924694e+00 2.136342019011474622e+04
1.483851702695298203e+00 2.167075672396587834e+04
1.485908723209671933e+00 2.196681104540207889e+04
1.487965743724045442e+00 2.212062551026005531e+04
1.490022764238419173e+00 2.262958137512983012e+04
1.492079784752792682e+00 2.294071004646229630e+04
1.494136805267166190e+00 2.309133069025347504e+04
1.496193825781539921e+00 2.348326967194107419e+04
1.498250846295913430e+00 2.396495667226440855e+04
1.500307866810287161e+00 2.399017016984744987e+04
1.502364887324660669e+00 2.461623945881128384e+04
1.504421907839034178e+00 2.504630724546832789e+04
1.506478928353407909e+00 2.552859540375386132e+04
1.508535948867781418e+00 2.606548534387585823e+04
1.510592969382154926e+00 2.640171973049576263e+04
1.512649989896528657e+00 2.696435497304465389e+04
1.514707010410902166e+00 2.749535497105007016e+04
1.516764030925275897e+00 2.805528210510592544e+04
1.518821051439649406e+00 2.875507610319079686e+04
1.520878071954022914e+00 2.903713412049414910e+04
1.522935092468396645e+00 2.970358097821454794e+04
1.524992112982770154e+00 3.063825179215785465e+04
1.527049133497143885e+00 3.208067438469205081e+04
1.529106154011517393e+00 3.447917097038011707e+04
1.531163174525890902e+00 3.784627486867978587e+04
1.533220195040264633e+00 4.071910007016515010e+04
1.535277215554638142e+00 4.350705267938529141e+04
1.537334236069011872e+00 4.560049390836351085e+04
1.539391256583385381e+00 4.755764640645585314e+04
1.541448277097758890e+00 4.989109552217282180e+04
1.543505297612132621e+00 5.116342443282790919e+04
1.545562318126506129e+00 5.296588504464860307e+04
1.547619338640879860e+00 5.570212833825933922e+04
1.549676359155253369e+00 5.946374942723313870e+04
