3.813304016645108901e-03 1.783089336558361538e+03
5.851618592137675101e-03 5.546807110126488624e+03
7.889933167630203137e-03 8.448627963360373542e+03
9.928247743122731173e-03 1.178166178447785205e+04
1.196656231861525921e-02 1.598000930247942233e+04
1.400487689410778724e-02 1.940819845328447991e+04
1.604319146960031528e-02 2.293243510481990234e+04
1.808150604509284332e-02 2.763966763072658796e+04
2.011982062058537135e-02 2.032932282782428956e+04
2.215813519607789939e-02 1.719338244160946124e+04
2.419644977157042742e-02 1.573290742329295426e+04
2.623476434706295546e-02 1.559916551053960757e+04
2.827307892255548349e-02 1.490741584791239438e+04
3.031139349804801153e-02 1.469825295851868214e+04
3.234970807354053957e-02 1.444398925292302192e+04
3.438802264903306760e-02 1.457030155210075100e+04
3.642633722452559564e-02 1.451599165363020802e+04
3.846465180001812367e-02 1.452081231286751790e+04
4.050296637551054069e-02 1.434600465137985339e+04
4.254128095100306872e-02 1.426650013731210856e+04
4.457959552649559676e-02 1.431979236428902186e+04
4.661791010198812479e-02 1.425208371168729172e+04
4.865622467748065283e-02 1.448308157697360002e+04
5.069453925297318087e-02 1.433729198804246698e+04
5.273285382846570890e-02 1.440590907619470818e+04
5.477116840395823694e-02 1.435331513329476002e+04
5.680948297945076497e-02 1.418453454403347860e+04
5.884779755494329301e-02 1.424471766126005423e+04
6.088611213043582104e-02 1.400327622511676600e+04
6.292442670592834908e-02 1.419822742430923245e+04
6.496274128142087712e-02 1.409025345862008362e+04
6.700105585691340515e-02 1.398323796946989023e+04
6.903937043240593319e-02 1.405519058311794652e+04
7.107768500789846122e-02 1.383955171395225261e+04
7.311599958339098926e-02 1.386265264128356648e+04
7.515431415888340627e-02 1.383559923537070244e+04
7.719262873437593431e-02 1.392977889492630675e+04
7.923094330986846234e-02 1.375701010467217930e+04
8.126925788536099038e-02 1.387746689528588286e+04
8.330757246085351841e-02 1.380464949774628076e+04
8.534588703634604645e-02 1.379071822188178339e+04
8.738420161183857449e-02 1.373364593372511263e+04
8.942251618733110252e-02 1.387679234182658547e+04
9.146083076282363056e-02 1.377645495469618436e+04
9.349914533831615859e-02 1.389129394778346432e+04
9.553745991380868663e-02 1.391159479795269363e+04
9.757577448930121466e-02 1.376813449827722798e+04
9.961408906479374270e-02 1.369252904591325205e+04
1.016524036402862707e-01 1.366367779908957891e+04
1.036907182157787988e-01 1.374269648039449385e+04
1.057290327912713268e-01 1.382309924900955957e+04
1.077673473667638548e-01 1.360761015828327800e+04
1.098056619422562719e-01 1.347556386139586175e+04
1.118439765177487999e-01 1.364951301509265977e+04
1.138822910932413834e-01 1.357966886098741452e+04
1.159206056687339115e-01 1.363887199441859775e+04
1.179589202442263840e-01 1.335118959136667036e+04
1.199972348197189120e-01 1.341296814857627760e+04
1.220355493952114401e-01 1.341330460872502954e+04
1.240738639707039681e-01 1.351041235174046778e+04
1.261121785461964961e-01 1.346918860144160863e+04
1.281504931216890242e-01 1.368745965124735085e+04
1.301888076971815522e-01 1.366140126624861477e+04
1.322271222726740802e-01 1.356399301073991955e+04
1.342654368481666083e-01 1.353836451902164117e+04
1.363037514236590808e-01 1.345133685168885495e+04
1.383420659991516088e-01 1.331477994704831690e+04
1.403803805746441369e-01 1.328090654022650415e+04
1.424186951501366649e-01 1.302309325766545226e+04
1.444570097256291930e-01 1.305080060040974604e+04
1.464953243011217210e-01 1.321419480398236192e+04
1.485336388766142490e-01 1.319105131282089496e+04
1.505719534521067771e-01 1.313624751391826067e+04
1.526102680275992496e-01 1.309549573660852911e+04
1.546485826030917776e-01 1.313208881083320739e+04
1.566868971785843057e-01 1.312478538134408882e+04
1.587252117540768337e-01 1.302149570679234967e+04
1.607635263295693617e-01 1.312358990595298928e+04
1.628018409050618898e-01 1.296813472001860100e+04
1.648401554805544178e-01 1.297295103803509483e+04
1.668784700560469458e-01 1.287986137229955239e+04
1.689167846315394739e-01 1.287665138753269639e+04
1.709550992070319464e-01 1.290663516519848054e+04
1.729934137825244744e-01 1.289162900335433915e+04
1.750317283580170025e-01 1.284384392063579253e+04
1.770700429335095305e-01 1.282209197902735468e+04
1.791083575090020585e-01 1.273459796592234125e+04
1.811466720844945866e-01 1.254742115533326796e+04
1.831849866599871146e-01 1.249986876317856695e+04
1.852233012354796426e-01 1.267860844632429144e+04
1.872616158109721152e-01 1.270187703101424995e+04
1.892999303864646432e-01 1.285125656902558330e+04
1.913382449619571712e-01 1.256350989010415833e+04
1.933765595374496993e-01 1.261558500368145906e+04
1.954148741129422273e-01 1.258694785378050437e+04
1.974531886884347553e-01 1.254211565855418849e+04
1.994915032639272834e-01 1.239656886461800968e+04
2.015298178394198114e-01 1.275930610312711542e+04
2.035681324149123395e-01 1.264390583737518682e+04
2.056064469904048120e-01 1.247645234592477937e+04
2.076447615658973400e-01 1.239082094566420710e+04
2.096830761413898681e-01 1.221554744497668798e+04
2.117213907168823961e-01 1.220621175470640992e+04
2.137597052923749241e-01 1.227557079149085803e+04
2.157980198678674522e-01 1.223359478259213029e+04
2.178363344433599802e-01 1.211613915525983793e+04
2.198746490188525082e-01 1.231948927703444133e+04
2.219129635943449808e-01 1.216294688610387129e+04
2.239512781698375088e-01 1.187300272707088516e+04
2.259895927453300368e-01 1.222239667594336424e+04
2.280279073208225649e-01 1.191262647840799400e+04
2.300662218963150929e-01 1.132099079576805525e+04
2.321045364718076209e-01 1.178669347196828858e+04
2.341428510473001490e-01 1.181678516030084029e+04
2.361811656227926770e-01 1.179201907358545031e+04
2.382194801982852050e-01 1.192133362714362738e+04
2.402577947737776776e-01 1.199469664038345582e+04
2.422961093492702056e-01 1.173054920866224711e+04
2.443344239247627336e-01 1.181771884359118849e+04
2.463727385002552617e-01 1.168326954177339940e+04
2.484110530757477897e-01 1.182512063810492327e+04
2.504493676512403177e-01 1.158555962684661245e+04
2.524876822267328458e-01 1.179274956973010558e+04
2.545259968022253738e-01 1.139840328725505424e+04
2.565643113777179019e-01 1.146211748807836921e+04
2.586026259532103744e-01 1.174068691627141379e+04
2.606409405287029024e-01 1.175969099682898013e+04
2.626792551041954304e-01 1.145968002741291275e+04
2.647175696796879585e-01 1.177087591412564143e+04
2.667558842551804865e-01 1.149157219690122656e+04
2.687941988306730146e-01 1.150157549009001741e+04
2.708325134061655426e-01 1.158312667483780933e+04
2.728708279816580706e-01 1.157950570969392902e+04
2.749091425571505432e-01 1.168246030565426190e+04
2.769474571326430712e-01 1.183206832848593876e+04
2.789857717081355992e-01 1.145934015400842873e+04
2.810240862836281273e-01 1.143343926565764741e+04
2.830624008591206553e-01 1.161776702616479452e+04
2.851007154346131833e-01 1.132428869828061943e+04
2.871390300101057114e-01 1.142728916388551625e+04
2.891773445855982394e-01 1.129647464850415781e+04
2.912156591610907674e-01 1.138431898431618538e+04
2.932539737365832400e-01 1.128542594804506189e+04
2.952922883120757680e-01 1.133899306960414106e+04
2.973306028875682960e-01 1.116606255290666559e+04
2.993689174630608241e-01 1.120165943111505112e+04
3.014072320385533521e-01 1.099097060120456081e+04
3.034455466140458801e-01 1.121178529012994113e+04
3.054838611895384082e-01 1.130232435033030197e+04
3.075221757650309362e-01 1.086586363774612073e+04
3.095604903405234087e-01 1.127316520484591092e+04
3.115988049160159368e-01 1.110956594749626493e+04
3.136371194915084648e-01 1.098860059951434414e+04
3.156754340670009928e-01 1.124862457762331906e+04
3.177137486424935209e-01 1.102394101948913885e+04
3.197520632179860489e-01 1.097016684625043308e+04
3.217903777934785770e-01 1.118917908598561371e+04
3.238286923689711050e-01 1.108868699592746634e+04
3.258670069444636330e-01 1.088078970676382596e+04
3.279053215199561055e-01 1.116115741954113400e+04
3.299436360954486336e-01 1.095530647559351200e+04
3.319819506709411616e-01 1.100800065635428837e+04
3.340202652464336897e-01 1.110484640475504057e+04
3.360585798219262177e-01 1.095547738011189176e+04
3.380968943974187457e-01 1.101187330772453788e+04
3.401352089729112738e-01 1.089566513544395275e+04
3.421735235484038018e-01 1.097816332434878677e+04
3.442118381238962743e-01 1.093634052279194111e+04
3.462501526993888024e-01 1.084723006846108910e+04
3.482884672748813304e-01 1.093815406389379132e+04
3.503267818503738584e-01 1.107218779994160104e+04
3.523650964258663865e-01 1.085462643598922295e+04
3.544034110013589145e-01 1.087096339783181065e+04
3.564417255768514425e-01 1.085816107603972705e+04
3.584800401523439706e-01 1.100911935574779818e+04
3.605183547278364986e-01 1.089201778590105459e+04
3.625566693033289711e-01 1.077555163139647811e+04
3.645949838788214992e-01 1.051525619584637025e+04
3.666332984543140272e-01 1.073380502506438097e+04
3.686716130298065552e-01 1.061601392906355250e+04
3.707099276052990833e-01 1.076383104984206693e+04
3.727482421807916113e-01 1.099136668408726109e+04
3.747865567562841393e-01 1.076161122276364404e+04
3.768248713317766674e-01 1.062092393367866680e+04
3.788631859072691954e-01 1.089970282621173646e+04
3.809015004827617235e-01 1.072713696707043164e+04
3.829398150582541960e-01 1.068661615505626287e+04
3.849781296337467240e-01 1.072442120830214662e+04
3.870164442092392521e-01 1.073875491496789436e+04
3.890547587847317801e-01 1.062542339938791883e+04
3.910930733602243081e-01 1.085353435916627132e+04
3.931313879357167806e-01 1.061084973115421963e+04
3.951697025112093087e-01 1.059083842124244256e+04
3.972080170867018367e-01 1.061268879639487386e+04
3.992463316621943648e-01 1.043540194753709511e+04
4.012846462376868928e-01 1.050978191265080386e+04
4.033229608131794208e-01 1.032533236462977948e+04
4.053612753886719489e-01 1.055091368579679511e+04
4.073995899641644769e-01 1.044252171060524597e+04
4.094379045396570049e-01 1.032386351828829538e+04
4.114762191151495330e-01 1.049677134862027015e+04
4.135145336906420610e-01 1.052517580635808918e+04
4.155528482661345890e-01 1.036020824220100076e+04
4.175911628416270616e-01 1.045327564944188634e+04
4.196294774171195896e-01 1.032595787895338617e+04
4.216677919926121176e-01 1.041476110253482511e+04
4.237061065681046457e-01 1.058555983607898816e+04
4.257444211435971737e-01 1.057885025601681264e+04
4.277827357190896462e-01 1.034793948188368813e+04
4.298210502945821743e-01 1.034634989773834604e+04
4.318593648700747023e-01 1.042916310712808627e+04
4.338976794455672303e-01 1.035127380938034548e+04
4.359359940210597584e-01 1.030219078959208673e+04
4.379743085965522864e-01 1.031967099285472796e+04
4.400126231720448144e-01 1.042592234656529763e+04
4.420509377475373425e-01 1.032973891056849970e+04
4.440892523230298705e-01 1.027003798746195571e+04
4.461275668985223986e-01 1.019075277954349076e+04
4.481658814740149266e-01 1.033760991863960044e+04
4.502041960495074546e-01 1.034046420666233462e+04
4.522425106249999827e-01 1.022194609889780440e+04
4.542808252004924552e-01 1.040163675806259926e+04
4.563191397759849832e-01 1.025379778778437685e+04
4.583574543514775113e-01 1.027146473316360789e+04
4.603957689269700393e-01 1.030568183216471516e+04
4.624340835024625118e-01 1.020414189345260093e+04
4.644723980779550399e-01 1.031892043195959377e+04
4.665107126534475679e-01 1.018521943554271274e+04
4.685490272289400959e-01 1.041867795276839752e+04
4.705873418044326240e-01 1.007934898635984428e+04
4.726256563799251520e-01 1.022125396231774357e+04
4.746639709554176800e-01 1.014044368968286471e+04
4.767022855309102081e-01 1.020096605012510008e+04
4.787406001064027361e-01 9.997446342856399497e+03
4.807789146818952641e-01 1.001340056979922883e+04
4.828172292573877922e-01 1.016636469298468910e+04
4.848555438328803202e-01 1.008307327459661610e+04
4.868938584083728482e-01 1.018247313322459377e+04
4.889321729838653208e-01 1.011129581676422094e+04
4.909704875593578488e-01 1.007477667405845568e+04
4.930088021348503768e-01 1.019652706291572395e+04
4.950471167103429049e-01 1.013732861606198276e+04
4.970854312858354329e-01 1.016297124690329838e+04
4.991237458613279054e-01 1.022693576935196324e+04
5.011620604368204335e-01 1.008991058504227476e+04
5.032003750123129615e-01 1.010872173915151870e+04
5.052386895878054895e-01 1.001887620503342259e+04
5.072770041632980176e-01 9.958175642288757444e+03
5.093153187387905456e-01 9.979845713851047549e+03
5.113536333142830737e-01 9.947490891380053654e+03
5.133919478897756017e-01 1.004824547036471995e+04
5.154302624652681297e-01 9.838090094736007813e+03
5.174685770407606578e-01 1.002743223462882452e+04
5.195068916162531858e-01 9.855818908317694877e+03
5.215452061917457138e-01 9.850444612011015124e+03
5.235835207672382419e-01 9.921172610054833058e+03
5.256218353427306589e-01 9.752145059488935658e+03
5.276601499182231869e-01 9.840679384608780310e+03
5.296984644937157150e-01 9.964046338035346707e+03
5.317367790692082430e-01 9.851836349985784182e+03
5.337750936447007710e-01 9.809901611545516062e+03
5.358134082201932991e-01 1.009538830862123359e+04
5.378517227956858271e-01 9.876125898016525753e+03
5.398900373711783551e-01 9.898212890574421181e+03
5.419283519466708832e-01 9.900920386343417704e+03
5.439666665221634112e-01 9.840018647538503501e+03
5.460049810976559392e-01 9.874275024522554304e+03
5.480432956731484673e-01 1.002085199221476978e+04
5.500816102486409953e-01 9.873530664023377540e+03
5.521199248241335233e-01 9.855205348029781817e+03
5.541582393996260514e-01 9.877778486533788964e+03
5.561965539751185794e-01 9.972790586802981124e+03
5.582348685506111075e-01 9.942938895019418851e+03
5.602731831261036355e-01 9.748270924566766553e+03
5.623114977015960525e-01 9.786014211745183275e+03
5.643498122770885805e-01 9.860415400368792689e+03
5.663881268525811086e-01 9.817991258452471811e+03
5.684264414280736366e-01 9.699772623005981586e+03
5.704647560035661646e-01 9.953082133938645711e+03
5.725030705790586927e-01 9.985790389430989308e+03
5.745413851545512207e-01 9.523298105725069036e+03
5.765796997300437488e-01 9.805353261069682048e+03
5.786180143055362768e-01 9.720142848578263511e+03
5.806563288810288048e-01 9.586522354424228979e+03
5.826946434565213329e-01 9.699210935846595021e+03
5.847329580320138609e-01 9.609867115282377199e+03
5.867712726075063889e-01 9.627244679938870831e+03
5.888095871829989170e-01 9.371370027850533006e+03
5.908479017584914450e-01 9.413687933733035607e+03
5.928862163339839730e-01 9.700105942884922115e+03
5.949245309094765011e-01 9.745531310312984715e+03
5.969628454849689181e-01 9.636711529540016272e+03
5.990011600604614461e-01 9.586197507680077251e+03
6.010394746359539742e-01 9.601942213227952379e+03
6.030777892114465022e-01 9.565038746960450226e+03
6.051161037869390302e-01 9.735038732313172659e+03
6.071544183624315583e-01 9.616680728134318997e+03
6.091927329379240863e-01 9.662560468956102341e+03
6.112310475134166143e-01 9.531962311735984258e+03
6.132693620889091424e-01 9.384517711972512188e+03
