2.511653961033918653e-03 1.485193018219297073e+03
4.553694028434418506e-03 4.731842233049346760e+03
6.595734095834804300e-03 7.388274938190960711e+03
8.637774163235190095e-03 8.928079286104566563e+03
1.067981423063557589e-02 1.203706918033449983e+04
1.272185429803596168e-02 1.565752053261038418e+04
1.476389436543634748e-02 1.871922644258682340e+04
1.680593443283673327e-02 2.105980494692509092e+04
1.884797450023711907e-02 1.979922655904526619e+04
2.089001456763761588e-02 1.492987726645563271e+04
2.293205463503800168e-02 1.366932288042083746e+04
2.497409470243838747e-02 1.313204979011237992e+04
2.701613476983877327e-02 1.292091984084415708e+04
2.905817483723915906e-02 1.268516481205774471e+04
3.110021490463954486e-02 1.232066568737768102e+04
3.314225497203993065e-02 1.217202567332621584e+04
3.518429503944042747e-02 1.246911022355324167e+04
3.722633510684081326e-02 1.241629392853007448e+04
3.926837517424119905e-02 1.236361270693426923e+04
4.131041524164158485e-02 1.227451505640596406e+04
4.335245530904197064e-02 1.228990889945453819e+04
4.539449537644235644e-02 1.226250962127528692e+04
4.743653544384274223e-02 1.218626975393156681e+04
4.947857551124312803e-02 1.218955151165313328e+04
5.152061557864362484e-02 1.208771445898541424e+04
5.356265564604401064e-02 1.232751099531650107e+04
5.560469571344439643e-02 1.237253258650294629e+04
5.764673578084478223e-02 1.215115990555188182e+04
5.968877584824516802e-02 1.226947347916531726e+04
6.173081591564555382e-02 1.220448713399823100e+04
6.377285598304593961e-02 1.192515451276852946e+04
6.581489605044632540e-02 1.215871748792405197e+04
6.785693611784682222e-02 1.207102993956088358e+04
6.989897618524720802e-02 1.203486174179876070e+04
7.194101625264759381e-02 1.207671865281840655e+04
7.398305632004797960e-02 1.191991948698119450e+04
7.602509638744836540e-02 1.200921294145848515e+04
7.806713645484875119e-02 1.190862509226975817e+04
8.010917652224913699e-02 1.178707764457991652e+04
8.215121658964952278e-02 1.196788189760454406e+04
8.419325665705001960e-02 1.183813833447233083e+04
8.623529672445040539e-02 1.174831398084897955e+04
8.827733679185079119e-02 1.185206042280635666e+04
9.031937685925117698e-02 1.202130203722939223e+04
9.236141692665156278e-02 1.187918902193806025e+04
9.440345699405194857e-02 1.181276078665316163e+04
9.644549706145233436e-02 1.181881084344578630e+04
9.848753712885283118e-02 1.194496361641453223e+04
1.005295771962532170e-01 1.180891543360305513e+04
1.025716172636536028e-01 1.176937507468189142e+04
1.046136573310539886e-01 1.157194277996722667e+04
1.066556973984543744e-01 1.186901756808601567e+04
1.086977374658547602e-01 1.172040836276148912e+04
1.107397775332551459e-01 1.167878988591434245e+04
1.127818176006555317e-01 1.177218405973016343e+04
1.148238576680559730e-01 1.179516212857674145e+04
1.168658977354563588e-01 1.176310484630701467e+04
1.189079378028568001e-01 1.164265114492749490e+04
1.209499778702571859e-01 1.175809954707829456e+04
1.229920179376575717e-01 1.162099411571185738e+04
1.250340580050579575e-01 1.163389844554704541e+04
1.270760980724583988e-01 1.168802667100607869e+04
1.291181381398587846e-01 1.180879051652891940e+04
1.311601782072591704e-01 1.174823337741915748e+04
1.332022182746595562e-01 1.158541890059610341e+04
1.352442583420599975e-01 1.153467835571115938e+04
1.372862984094603833e-01 1.161356357440302963e+04
1.393283384768607691e-01 1.155858539630133055e+04
1.413703785442611549e-01 1.154096330912301346e+04
1.434124186116615962e-01 1.130451187121700241e+04
1.454544586790619820e-01 1.136798169745934865e+04
1.474964987464623678e-01 1.135940951085532652e+04
1.495385388138627536e-01 1.154890379332128032e+04
1.515805788812631949e-01 1.133931522851133195e+04
1.536226189486635807e-01 1.125745914664907104e+04
1.556646590160639665e-01 1.147206695598856459e+04
1.577066990834644078e-01 1.142403288268606775e+04
1.597487391508647936e-01 1.142866143777014622e+04
1.617907792182651794e-01 1.127086598844928267e+04
1.638328192856655652e-01 1.134498310377156849e+04
1.658748593530660065e-01 1.141486619366843843e+04
1.679168994204663923e-01 1.115528039633539993e+04
1.699589394878667781e-01 1.128397952099072245e+04
1.720009795552671639e-01 1.137656362265530515e+04
1.740430196226676052e-01 1.121937073040992982e+04
1.760850596900679910e-01 1.121209783583014359e+04
1.781270997574683768e-01 1.112202233255353894e+04
1.801691398248687626e-01 1.129325452991800194e+04
1.822111798922692039e-01 1.110411375109760775e+04
1.842532199596695897e-01 1.101603399540880309e+04
1.862952600270699755e-01 1.105329773864058734e+04
1.883373000944703612e-01 1.116627174736334564e+04
1.903793401618708026e-01 1.113187537814247844e+04
1.924213802292711883e-01 1.098462180383648047e+04
1.944634202966715741e-01 1.128283775670367504e+04
1.965054603640719599e-01 1.108007934183278303e+04
1.985475004314724012e-01 1.107833867972177177e+04
2.005895404988727870e-01 1.093402366294460080e+04
2.026315805662731728e-01 1.124044902431427727e+04
2.046736206336735586e-01 1.098653233485554301e+04
2.067156607010739999e-01 1.088134180201724666e+04
2.087577007684743857e-01 1.076340356916766177e+04
2.107997408358747715e-01 1.083892079100608134e+04
2.128417809032751573e-01 1.079829816348116765e+04
2.148838209706755986e-01 1.076552369104244099e+04
2.169258610380759844e-01 1.094889498914678552e+04
2.189679011054763702e-01 1.075280769836768741e+04
2.210099411728767560e-01 1.082431794965294102e+04
2.230519812402771973e-01 1.070259096463454262e+04
2.250940213076775831e-01 1.062961985384416766e+04
2.271360613750779689e-01 1.056906994177086199e+04
2.291781014424784102e-01 1.056719158579010036e+04
2.312201415098787960e-01 1.001329459206726642e+04
2.332621815772791818e-01 1.055351030993692621e+04
2.353042216446795676e-01 1.069120603012921674e+04
2.373462617120800089e-01 1.072964367347444932e+04
2.393883017794803947e-01 1.074428028511065713e+04
2.414303418468807805e-01 1.077290154954032369e+04
2.434723819142811663e-01 1.078823726035621075e+04
2.455144219816816076e-01 1.073382492682124757e+04
2.475564620490819934e-01 1.063425858813820560e+04
2.495985021164823792e-01 1.066594172092842200e+04
2.516405421838827650e-01 1.066296636535815014e+04
2.536825822512832063e-01 1.062925606266737304e+04
2.557246223186835921e-01 1.058288779829624218e+04
2.577666623860839779e-01 1.058172569968747302e+04
2.598087024534843636e-01 1.043643996267267357e+04
2.618507425208848050e-01 1.042418885063064954e+04
2.638927825882851907e-01 1.057836293452092650e+04
2.659348226556855765e-01 1.061390283657580585e+04
2.679768627230859623e-01 1.044542733142722500e+04
2.700189027904864036e-01 1.051208373362494422e+04
2.720609428578867894e-01 1.053598311034905419e+04
2.741029829252871752e-01 1.054086629555970103e+04
2.761450229926875610e-01 1.070580447721759811e+04
2.781870630600880023e-01 1.062112377364516760e+04
2.802291031274883881e-01 1.044280991910004013e+04
2.822711431948887739e-01 1.052072141845156693e+04
2.843131832622891597e-01 1.048181147956452696e+04
2.863552233296896010e-01 1.034883318515442807e+04
2.883972633970899868e-01 1.048443552220899437e+04
2.904393034644903726e-01 1.057438125422110897e+04
2.924813435318908139e-01 1.023683508165438252e+04
2.945233835992911997e-01 1.042177118976605198e+04
2.965654236666915855e-01 1.046617357852124042e+04
2.986074637340919713e-01 1.013479949167623636e+04
3.006495038014924126e-01 1.032210011781188223e+04
3.026915438688927984e-01 1.028047057156988194e+04
3.047335839362931842e-01 1.035222550257003059e+04
3.067756240036935700e-01 1.018274884263299646e+04
3.088176640710940113e-01 1.014272463722110297e+04
3.108597041384943971e-01 1.028234043437017135e+04
3.129017442058947829e-01 1.033046421950934382e+04
3.149437842732951687e-01 1.027370049927466061e+04
3.169858243406956100e-01 1.012666192955547922e+04
3.190278644080959958e-01 1.044668706816836311e+04
3.210699044754963816e-01 1.028675500006819857e+04
3.231119445428967674e-01 9.930933849581355389e+03
3.251539846102972087e-01 1.031236550072333921e+04
3.271960246776975945e-01 1.016230668036142015e+04
3.292380647450979803e-01 1.031696899936127193e+04
3.312801048124983661e-01 1.008066793673917527e+04
3.333221448798988074e-01 1.016081120088944954e+04
3.353641849472991932e-01 1.006648849926232106e+04
3.374062250146995789e-01 1.048203196658413617e+04
3.394482650820999647e-01 1.012111327713952051e+04
3.414903051495004060e-01 1.018688774516747799e+04
3.435323452169007918e-01 1.019898693800446199e+04
3.455743852843011776e-01 1.023372612228762409e+04
3.476164253517015634e-01 1.017283763226141127e+04
3.496584654191020047e-01 1.042065117773662860e+04
3.517005054865023905e-01 1.018542734545843268e+04
3.537425455539027763e-01 1.014759982241355101e+04
3.557845856213032176e-01 1.028202264696072234e+04
3.578266256887036034e-01 1.023804305880431639e+04
3.598686657561039892e-01 1.013388461402478424e+04
3.619107058235043750e-01 1.024697006649485411e+04
3.639527458909047608e-01 9.934840174678989570e+03
3.659947859583052021e-01 1.003401197082866020e+04
3.680368260257055879e-01 1.028040198184683686e+04
3.700788660931060292e-01 9.900642812387743106e+03
3.721209061605064150e-01 1.004308833989059531e+04
3.741629462279068008e-01 1.002901898966883527e+04
3.762049862953071866e-01 9.951334992113614135e+03
3.782470263627075724e-01 9.954224436700231308e+03
3.802890664301079582e-01 1.001577340644947253e+04
3.823311064975083995e-01 1.001415287838827498e+04
3.843731465649087853e-01 9.959515727607071312e+03
3.864151866323092266e-01 9.988911927792743882e+03
3.884572266997096124e-01 9.859839416251896182e+03
3.904992667671099982e-01 9.928128829870662230e+03
3.925413068345103840e-01 1.017758129891232602e+04
3.945833469019107698e-01 1.000063483875515885e+04
3.966253869693111556e-01 1.003152780937985153e+04
3.986674270367115969e-01 1.006049955597646840e+04
4.007094671041119827e-01 1.005695439689151135e+04
4.027515071715124240e-01 9.903009336112123492e+03
4.047935472389128098e-01 9.961217848577707628e+03
4.068355873063131956e-01 1.003140138419518735e+04
4.088776273737135813e-01 9.954011650416005068e+03
4.109196674411139671e-01 9.981087799328470282e+03
4.129617075085143529e-01 1.008832976874865744e+04
4.150037475759147942e-01 1.006002491743433711e+04
4.170457876433151800e-01 1.012665845950189032e+04
4.190878277107156213e-01 9.957592588834932030e+03
4.211298677781160071e-01 9.942929103020171169e+03
4.231719078455163929e-01 1.011385003558359676e+04
4.252139479129167787e-01 1.001343466595822065e+04
4.272559879803171645e-01 9.837856092377849563e+03
4.292980280477176058e-01 9.802323788326648355e+03
4.313400681151179916e-01 9.879900095765175138e+03
4.333821081825184329e-01 9.880852618423301465e+03
4.354241482499188187e-01 9.824399411595311904e+03
4.374661883173192045e-01 9.941113934932902339e+03
4.395082283847195903e-01 9.904894645787097033e+03
4.415502684521199761e-01 9.934821552632345629e+03
4.435923085195203619e-01 9.867589448906863254e+03
4.456343485869208032e-01 9.642364108486492114e+03
4.476763886543211890e-01 9.819568442020772636e+03
4.497184287217216303e-01 9.745968929535596544e+03
4.517604687891220161e-01 9.828289670923171798e+03
4.538025088565224019e-01 9.929757997541566510e+03
4.558445489239227877e-01 9.831765236217290294e+03
4.578865889913231735e-01 9.979184851680412976e+03
4.599286290587235593e-01 9.662428008730441434e+03
4.619706691261240006e-01 9.869715574741749151e+03
4.640127091935243864e-01 9.927532777980359242e+03
4.660547492609248277e-01 9.685673040125138868e+03
4.680967893283252135e-01 9.734179105019053168e+03
4.701388293957255993e-01 9.833816062408501239e+03
4.721808694631259851e-01 9.708002673861752555e+03
4.742229095305263709e-01 9.762200701800536990e+03
4.762649495979267567e-01 9.614249059468300402e+03
4.783069896653271980e-01 9.709623252824960218e+03
4.803490297327275838e-01 9.631221286203957789e+03
4.823910698001280251e-01 9.775034826090013667e+03
4.844331098675284109e-01 9.748426172204608520e+03
4.864751499349287966e-01 9.652818286255769635e+03
4.885171900023291824e-01 9.652581238936121736e+03
4.905592300697295682e-01 9.750338569183437357e+03
4.926012701371300095e-01 9.831169500886882815e+03
4.946433102045303953e-01 9.718642633884894167e+03
4.966853502719307811e-01 9.898734515641664984e+03
4.987273903393312224e-01 9.917240438808150429e+03
5.007694304067316082e-01 9.589647188524544617e+03
5.028114704741319940e-01 9.571060839072719318e+03
5.048535105415323798e-01 9.682814864109885093e+03
5.068955506089327656e-01 9.487457436001661335e+03
5.089375906763331514e-01 9.496080544419375656e+03
5.109796307437335372e-01 9.635633602510726632e+03
5.130216708111340340e-01 9.534561296131158088e+03
5.150637108785344198e-01 9.540079747874773602e+03
5.171057509459348056e-01 9.542349070797105014e+03
5.191477910133351914e-01 9.441627572985664301e+03
5.211898310807355772e-01 9.390258188802932636e+03
5.232318711481359630e-01 9.588337832700774015e+03
5.252739112155364598e-01 9.529668702044033125e+03
5.273159512829368456e-01 9.569630332518958312e+03
5.293579913503372314e-01 9.409736570749746534e+03
5.314000314177376172e-01 9.449897075951539591e+03
5.334420714851380030e-01 9.492255500133182068e+03
5.354841115525383888e-01 9.481437162831414753e+03
5.375261516199387746e-01 9.473322097212889275e+03
5.395681916873391604e-01 9.573369759663679361e+03
5.416102317547395462e-01 9.565008914481988541e+03
5.436522718221400430e-01 9.519256092281706515e+03
5.456943118895404288e-01 9.523989865429359270e+03
5.477363519569408146e-01 9.550263158426732844e+03
5.497783920243412004e-01 9.403928004492317996e+03
5.518204320917415862e-01 9.511493054619208124e+03
5.538624721591419720e-01 9.515604845416348326e+03
5.559045122265423577e-01 9.462427973402855059e+03
5.579465522939428546e-01 9.388930589026031157e+03
5.599885923613432404e-01 9.386273335318794125e+03
5.620306324287436261e-01 9.475058758303635841e+03
5.640726724961440119e-01 9.479599916465002025e+03
5.661147125635443977e-01 9.415571054901480238e+03
5.681567526309447835e-01 9.534100683405144082e+03
5.701987926983451693e-01 9.553354740578222845e+03
5.722408327657455551e-01 9.580142068403925805e+03
5.742828728331460519e-01 9.137018477385869119e+03
5.763249129005464377e-01 9.281335322178889328e+03
5.783669529679468235e-01 9.339825921271982224e+03
5.804089930353472093e-01 9.424087626504164291e+03
5.824510331027475951e-01 9.376435445636558143e+03
5.844930731701479809e-01 9.336999557400940830e+03
5.865351132375483667e-01 9.384546825544761305e+03
5.885771533049487525e-01 9.089959949032319855e+03
5.906191933723492493e-01 9.177841664159815991e+03
5.926612334397496351e-01 9.228474380090949126e+03
5.947032735071500209e-01 9.269371430789309670e+03
5.967453135745504067e-01 9.277565788279807748e+03
5.987873536419507925e-01 9.502588365290426736e+03
6.008293937093511783e-01 9.365302442369138589e+03
6.028714337767515641e-01 9.274801825688893587e+03
6.049134738441519499e-01 9.353845777382794040e+03
6.069555139115524467e-01 9.343841177482649073e+03
6.089975539789528325e-01 9.317521461561687829e+03
6.110395940463532183e-01 9.234939420953141962e+03
6.130816341137536041e-01 9.081740787318331058e+03
