1.320577706982048937e-03 1.025664151144035259e+03
3.366896767183047423e-03 5.636262542637437036e+03
5.413215827384187939e-03 7.512392095558065193e+03
7.459534887585217433e-03 8.055161474074076978e+03
9.505853947786357949e-03 8.738467386087284467e+03
1.155217300798738744e-02 1.129667669595594998e+04
1.359849206818852796e-02 1.472221758846365810e+04
1.564481112838955745e-02 1.670481009777276267e+04
1.769113018859069797e-02 1.673492205791471497e+04
1.973744924879183849e-02 1.170354500404862483e+04
2.178376830899286798e-02 1.033836093517983863e+04
2.383008736919400850e-02 9.869521105339175847e+03
2.587640642939503799e-02 9.693572005123776762e+03
2.792272548959617851e-02 9.521233238461394649e+03
2.996904454979720800e-02 9.446683695219278889e+03
3.201536360999834852e-02 9.342521598570550850e+03
3.406168267019937801e-02 9.436034285704114154e+03
3.610800173040051853e-02 9.477054457006639495e+03
3.815432079060154802e-02 9.266489824082207633e+03
4.020063985080268854e-02 9.509988421658528750e+03
4.224695891100382905e-02 9.378980610502792842e+03
4.429327797120485855e-02 9.481077497335147200e+03
4.633959703140599906e-02 9.444871831027252483e+03
4.838591609160702856e-02 9.390056957069135024e+03
5.043223515180816907e-02 9.320949985949999245e+03
5.247855421200919857e-02 9.284087685335187416e+03
5.452487327221033908e-02 9.571418498075301613e+03
5.657119233241136858e-02 9.500533790427127315e+03
5.861751139261250909e-02 9.305332156749362184e+03
6.066383045281353859e-02 9.296464175441818952e+03
6.271014951301467910e-02 9.467106437755497609e+03
6.475646857321570860e-02 9.272068775892959820e+03
6.680278763341684911e-02 9.410553446245718078e+03
6.884910669361798963e-02 9.230807679706420458e+03
7.089542575381901912e-02 9.409742862666038491e+03
7.294174481402015964e-02 9.185607087534883249e+03
7.498806387422118913e-02 9.189580375669302157e+03
7.703438293442232965e-02 9.294695405650749308e+03
7.908070199462335914e-02 9.356336355483297666e+03
8.112702105482449966e-02 9.218274516524936189e+03
8.317334011502552915e-02 9.221430744800774846e+03
8.521965917522666967e-02 9.182281804718151761e+03
8.726597823542769916e-02 9.122482203067753289e+03
8.931229729562883968e-02 9.391717662698949425e+03
9.135861635582998019e-02 9.128381156917012049e+03
9.340493541603100969e-02 9.258845629847019154e+03
9.545125447623215020e-02 9.265164063568947313e+03
9.749757353643317970e-02 9.099851280122664321e+03
9.954389259663432021e-02 9.254948866019394700e+03
1.015902116568353497e-01 9.222200430195616718e+03
1.036365307170364902e-01 9.264689407388430482e+03
1.056828497772375197e-01 9.230099790002983354e+03
1.077291688374386602e-01 9.114260885222807701e+03
1.097754878976396897e-01 9.165511915127206521e+03
1.118218069578408302e-01 9.258058681810198323e+03
1.138681260180419152e-01 9.156465371738237081e+03
1.159144450782430003e-01 9.205963531508679807e+03
1.179607641384440853e-01 9.069391667739826516e+03
1.200070831986451703e-01 9.161013851952349796e+03
1.220534022588462553e-01 9.202205167242174866e+03
1.240997213190473403e-01 9.148977859844761042e+03
1.261460403792484808e-01 9.121223423360977904e+03
1.281923594394495658e-01 9.254940561698243982e+03
1.302386784996506508e-01 9.313083760440760670e+03
1.322849975598517358e-01 9.190243065842834767e+03
1.343313166200528208e-01 9.089509508609657132e+03
1.363776356802539058e-01 9.194158110529822807e+03
1.384239547404549908e-01 9.131274825582055200e+03
1.404702738006560758e-01 9.119001263053274670e+03
1.425165928608571608e-01 8.955028388479215209e+03
1.445629119210582458e-01 8.763071305665058389e+03
1.466092309812593308e-01 9.150700203003281786e+03
1.486555500414604158e-01 9.158898777503636666e+03
1.507018691016615564e-01 9.163005289723740134e+03
1.527481881618626414e-01 9.107707873156052301e+03
1.547945072220637264e-01 9.160340032834219528e+03
1.568408262822648114e-01 9.117792573200553306e+03
1.588871453424658964e-01 9.084706437189857752e+03
1.609334644026669814e-01 9.079196546369495991e+03
1.629797834628680664e-01 9.089068088092877588e+03
1.650261025230691514e-01 9.061075135675167985e+03
1.670724215832702364e-01 9.077161092967979130e+03
1.691187406434713214e-01 9.006835481255930063e+03
1.711650597036724064e-01 8.940777331229039191e+03
1.732113787638735469e-01 9.145511692870344632e+03
1.752576978240746319e-01 8.952500482683000882e+03
1.773040168842757169e-01 8.869145535002140605e+03
1.793503359444768019e-01 9.043054287264745653e+03
1.813966550046778869e-01 8.890069418466082425e+03
1.834429740648789720e-01 8.845490487220504292e+03
1.854892931250800570e-01 8.834289176715563372e+03
1.875356121852811420e-01 9.027700240788824885e+03
1.895819312454822270e-01 8.970127333964630452e+03
1.916282503056833120e-01 8.933087109778005470e+03
1.936745693658843970e-01 9.013814868630797719e+03
1.957208884260854820e-01 9.000879090895228728e+03
1.977672074862866225e-01 8.901319438942351553e+03
1.998135265464877075e-01 8.964739146178098963e+03
2.018598456066887925e-01 9.037657553811670368e+03
2.039061646668898775e-01 9.071323322983475009e+03
2.059524837270909625e-01 8.785690727196721127e+03
2.079988027872920475e-01 8.688917371892923256e+03
2.100451218474931325e-01 8.932070788122740851e+03
2.120914409076942175e-01 8.794007256184819198e+03
2.141377599678953025e-01 8.857466231678590702e+03
2.161840790280963875e-01 8.842380743031180828e+03
2.182303980882974725e-01 8.802174862147241583e+03
2.202767171484986131e-01 8.781726013835874255e+03
2.223230362086996981e-01 8.706236218440248194e+03
2.243693552689007831e-01 8.753432673434033859e+03
2.264156743291018681e-01 8.628648545783755253e+03
2.284619933893029531e-01 8.666856458188809484e+03
2.305083124495040381e-01 8.709698653651515997e+03
2.325546315097051231e-01 8.641574134063534075e+03
2.346009505699062081e-01 8.711122205569849029e+03
2.366472696301072931e-01 8.750815548915850741e+03
2.386935886903083781e-01 8.737000194871450731e+03
2.407399077505094631e-01 8.752078107637764333e+03
2.427862268107105481e-01 8.673484975861552812e+03
2.448325458709116886e-01 8.672651798215096278e+03
2.468788649311127736e-01 8.892881248346398934e+03
2.489251839913138586e-01 8.980727145595126785e+03
2.509715030515149436e-01 8.698683021108889079e+03
2.530178221117160287e-01 8.594771859020160264e+03
2.550641411719171137e-01 8.617904418953505228e+03
2.571104602321181987e-01 8.736899740031838519e+03
2.591567792923192837e-01 8.630196725266327121e+03
2.612030983525203687e-01 8.645046199723576137e+03
2.632494174127214537e-01 8.727888502679261364e+03
2.652957364729225387e-01 8.713557569130005504e+03
2.673420555331236237e-01 8.553600308090881299e+03
2.693883745933247642e-01 8.693805007259768900e+03
2.714346936535258492e-01 8.720195399419366368e+03
2.734810127137269342e-01 8.578144629455684480e+03
2.755273317739280192e-01 8.853508434769579253e+03
2.775736508341291042e-01 8.786295585780111651e+03
2.796199698943301892e-01 8.586572343926542089e+03
2.816662889545312742e-01 8.639824693054457384e+03
2.837126080147323592e-01 8.649421920993016101e+03
2.857589270749334442e-01 8.670183125420606302e+03
2.878052461351345293e-01 8.591310810841707280e+03
2.898515651953356143e-01 8.581413028612929338e+03
2.918978842555367548e-01 8.637197369418969174e+03
2.939442033157378398e-01 8.500308480734916884e+03
2.959905223759389248e-01 8.602027017622134736e+03
2.980368414361400098e-01 8.621266851927475727e+03
3.000831604963410948e-01 8.453688104270693657e+03
3.021294795565421798e-01 8.618154692387504838e+03
3.041757986167432648e-01 8.523569705480522316e+03
3.062221176769443498e-01 8.495130832848148202e+03
3.082684367371454348e-01 8.508745992953641689e+03
3.103147557973465198e-01 8.434891036954442825e+03
3.123610748575476048e-01 8.458863300128061383e+03
3.144073939177486898e-01 8.520616023553699051e+03
3.164537129779498303e-01 8.520081616751298498e+03
3.185000320381509153e-01 8.422831268745016132e+03
3.205463510983520004e-01 8.574238136676658542e+03
3.225926701585530854e-01 8.491992453668532107e+03
3.246389892187541704e-01 8.597925162434692538e+03
3.266853082789552554e-01 8.512664481577976403e+03
3.287316273391563404e-01 8.609341119002066989e+03
3.307779463993574254e-01 8.506971086975574508e+03
3.328242654595585104e-01 8.525661857612178210e+03
3.348705845197595954e-01 8.499537521269649005e+03
3.369169035799606804e-01 8.499790901614042014e+03
3.389632226401617654e-01 8.600475935749258497e+03
3.410095417003629059e-01 8.560283523430776768e+03
3.430558607605639909e-01 8.513769929368074372e+03
3.451021798207650759e-01 8.343001410031509295e+03
3.471484988809661609e-01 8.524398990232049982e+03
3.491948179411672459e-01 8.628922441599237573e+03
3.512411370013683309e-01 8.607628930142069294e+03
3.532874560615694159e-01 8.309780701958839927e+03
3.553337751217705009e-01 8.436524778890634479e+03
3.573800941819715860e-01 8.577818739207077670e+03
3.594264132421726710e-01 8.511769255915669419e+03
3.614727323023737560e-01 8.469616256715064083e+03
3.635190513625748965e-01 8.364894013666631508e+03
3.655653704227759260e-01 8.405780320599278639e+03
3.676116894829770665e-01 8.249149684069354407e+03
3.696580085431781515e-01 8.392739374447664886e+03
3.717043276033792365e-01 8.442119389571969805e+03
3.737506466635803215e-01 8.490305112978823672e+03
3.757969657237814065e-01 8.391482943076303854e+03
3.778432847839824915e-01 8.506704804207311099e+03
3.798896038441835765e-01 8.463885590648165817e+03
3.819359229043847170e-01 8.450808665234138971e+03
3.839822419645857465e-01 8.495572547467250843e+03
3.860285610247868870e-01 8.368232124669997575e+03
3.880748800849879165e-01 8.354046881531394320e+03
3.901211991451890571e-01 8.302943046173686525e+03
3.921675182053900865e-01 8.450898239793888933e+03
3.942138372655912271e-01 8.354676416995143882e+03
3.962601563257923121e-01 8.348395876032307569e+03
3.983064753859933971e-01 8.313928619322621671e+03
4.003527944461944821e-01 8.398785558642743126e+03
4.023991135063955671e-01 8.461874875537228945e+03
4.044454325665966521e-01 8.367345665506070873e+03
4.064917516267977371e-01 8.323348688849311657e+03
4.085380706869988776e-01 8.358564184763970843e+03
4.105843897471999071e-01 8.350424705575936969e+03
4.126307088074010476e-01 8.283314946412065183e+03
4.146770278676020771e-01 8.302387721704270007e+03
4.167233469278032176e-01 8.463455328445445048e+03
4.187696659880043026e-01 8.374566497647130745e+03
4.208159850482053876e-01 8.379218950585443963e+03
4.228623041084064726e-01 8.523363598942049066e+03
4.249086231686075577e-01 8.457773659827678784e+03
4.269549422288086427e-01 8.405183786624274944e+03
4.290012612890097277e-01 8.303083296908323973e+03
4.310475803492108682e-01 8.324675193668890643e+03
4.330938994094118977e-01 8.270020579928710504e+03
4.351402184696130382e-01 8.280778431933396860e+03
4.371865375298140677e-01 8.316500849331207064e+03
4.392328565900152082e-01 8.263388384748915996e+03
4.412791756502162932e-01 8.274621677998069572e+03
4.433254947104173782e-01 8.304741588460563435e+03
4.453718137706184632e-01 8.310611405427791397e+03
4.474181328308195482e-01 8.177772119042852864e+03
4.494644518910206332e-01 8.215831854495658263e+03
4.515107709512217182e-01 8.250517949744280486e+03
4.535570900114228587e-01 8.422015028329860797e+03
4.556034090716238882e-01 8.318605001943236857e+03
4.576497281318250288e-01 8.276855349746720094e+03
4.596960471920260582e-01 8.161846121169659455e+03
4.617423662522271988e-01 8.307204673354764964e+03
4.637886853124282283e-01 8.173438164424987917e+03
4.658350043726293688e-01 8.238368318152799475e+03
4.678813234328304538e-01 8.397961304121003195e+03
4.699276424930315388e-01 8.272993321088622906e+03
4.719739615532326238e-01 8.173262100972455301e+03
4.740202806134337088e-01 8.273188097703980020e+03
4.760665996736347938e-01 8.080379706669427833e+03
4.781129187338358788e-01 8.187944450142380447e+03
4.801592377940370193e-01 8.052957258816349167e+03
4.822055568542380488e-01 8.220604897276443808e+03
4.842518759144391893e-01 8.194101288374136857e+03
4.862981949746402188e-01 8.131121387145789413e+03
4.883445140348413593e-01 8.144116525274659580e+03
4.903908330950424443e-01 8.142527264243783975e+03
4.924371521552435294e-01 8.152959484870926644e+03
4.944834712154446144e-01 8.160555104655846662e+03
4.965297902756456994e-01 8.187019663242028400e+03
4.985761093358467844e-01 8.296861090408012387e+03
5.006224283960478694e-01 8.079616681200544917e+03
5.026687474562490099e-01 8.234594494436674722e+03
5.047150665164500394e-01 8.192929150177391421e+03
5.067613855766511799e-01 8.129397473054779766e+03
5.088077046368522094e-01 8.050412367908263150e+03
5.108540236970533499e-01 8.053750244773504164e+03
5.129003427572543794e-01 8.173970928441516662e+03
5.149466618174555199e-01 8.089966796592676474e+03
5.169929808776565494e-01 8.133580906547894301e+03
5.190392999378576899e-01 7.973654646627204784e+03
5.210856189980588304e-01 8.049435192928650395e+03
5.231319380582598599e-01 8.097805892177092574e+03
5.251782571184610005e-01 8.113091302052866013e+03
5.272245761786620299e-01 8.094712127996912386e+03
5.292708952388631705e-01 8.054536190123690176e+03
5.313172142990642000e-01 7.992172805477403017e+03
5.333635333592653405e-01 8.046129007966574136e+03
5.354098524194663700e-01 7.979274471029977576e+03
5.374561714796675105e-01 8.093384351370024888e+03
5.395024905398686510e-01 7.940235897922893855e+03
5.415488096000696805e-01 8.056858094016069117e+03
5.435951286602707100e-01 8.035092448142869216e+03
5.456414477204718505e-01 8.084424527412790667e+03
5.476877667806729910e-01 8.095485660349813770e+03
5.497340858408740205e-01 8.118941690885157186e+03
5.517804049010751610e-01 8.130632125877004910e+03
5.538267239612761905e-01 8.027221789797568817e+03
5.558730430214773310e-01 7.975385747524170256e+03
5.579193620816783605e-01 7.984246326484597375e+03
5.599656811418795010e-01 8.007138871613989977e+03
5.620120002020805305e-01 7.856559863056470931e+03
5.640583192622816711e-01 8.107111745389960561e+03
5.661046383224828116e-01 7.957717570630189584e+03
5.681509573826838411e-01 8.097096354018005513e+03
5.701972764428849816e-01 8.094121474907911761e+03
5.722435955030860111e-01 8.109968759148749086e+03
5.742899145632871516e-01 7.934877597907845484e+03
5.763362336234881811e-01 8.066587650440411380e+03
5.783825526836893216e-01 7.942899444090647194e+03
5.804288717438903511e-01 7.935590222109483875e+03
5.824751908040914916e-01 7.920120518514224386e+03
5.845215098642925211e-01 7.860735081780188011e+03
5.865678289244936616e-01 7.882749833153480722e+03
5.886141479846946911e-01 7.867455902456533295e+03
5.906604670448958316e-01 7.689331849761614649e+03
5.927067861050969722e-01 7.873651933430483950e+03
5.947531051652980016e-01 7.828227180684584710e+03
5.967994242254991422e-01 7.888167227278048813e+03
5.988457432857001717e-01 7.924956457776136631e+03
6.008920623459013122e-01 7.861516479217951201e+03
6.029383814061023417e-01 7.895277320540629262e+03
6.049847004663034822e-01 8.011213934824570970e+03
6.070310195265045117e-01 7.886147623364732681e+03
6.090773385867056522e-01 7.878593926370465852e+03
6.111236576469066817e-01 7.876796803360517515e+03
6.131699767071078222e-01 7.866688465969061326e+03
