scale4 0.0001394647944961136 0.8984746459741283 0.00014227850693537825
angle4 0.017645827749724674 51.96753991648841 0.01758741013034637
angle4 0.00024180829136566384 0.6161078124342279 0.00024255313054044603
vh 0.20983390457911355 301.91226573290413 0.20603777457625938
roughh4 0.0073202567009467145 2.869015179694361 0.0074431641989187725
rought4 0.003031383013793132 5.437925503115283 0.0030463280563957085
solt4 0.007662943691715981 0.01319002060184001 0.01367197606249341
solh4 0.09260502076438115 61.580129309475986 0.09059800210355462
scale5 0.0001436233981629842 0.8886780296084255 0.0001419966257572014
angle5 0.15923795884668834 42.111950754611506 0.16315296225653952
angle5 0.001912523278000955 0.7418359872416145 0.001860830214620135
roughh5 0.028451127393190667 3.9327579351473743 0.02812511761924652
rought5 0.015032533912067159 5.132515217964175 0.014496025624976205
solt5 0.221651265372812 1.6867676423613593 0.22488505365360623
solh5 0.7249482789351234 43.236761691304 0.7358999795947625
