1.499999999999999944e-02 9.759441294201774975e-01 7.577558133774074580e-04
1.600000000000000033e-02 9.773636481752242533e-01 7.573532367276457301e-04
1.700000000000000122e-02 9.788257156953619198e-01 7.548828279896183970e-04
1.799999999999999864e-02 9.841647983579179249e-01 7.548999405367452309e-04
1.899999999999999953e-02 9.900286960332222996e-01 7.553128033995445446e-04
2.000000000000000042e-02 9.944043285646591013e-01 7.556958842589119908e-04
2.100000000000000130e-02 9.933716455919301414e-01 7.546330806028878589e-04
2.199999999999999872e-02 9.724632235845538375e-01 7.462347682438765254e-04
2.299999999999999961e-02 5.476538243260768990e-01 5.591160655181097276e-04
2.400000000000000050e-02 2.947839246572325766e-01 4.095884199822640904e-04
2.500000000000000139e-02 1.820487757741815482e-01 3.219338039236518739e-04
2.599999999999999881e-02 1.276149109825279737e-01 2.694795851060835783e-04
2.699999999999999969e-02 9.525337930052313329e-02 2.328142840075373473e-04
2.800000000000000058e-02 7.404552072485003078e-02 2.053361099057417346e-04
2.900000000000000147e-02 5.895851678735313656e-02 1.830575765480341199e-04
2.999999999999999889e-02 4.710495440567558090e-02 1.635784499051965650e-04
3.099999999999999978e-02 3.988600373752727163e-02 1.504863607336301640e-04
3.200000000000000067e-02 3.391065282313750207e-02 1.386784102320238771e-04
3.300000000000000155e-02 2.850880862526786880e-02 1.271892798911771752e-04
3.400000000000000244e-02 2.414746439371551895e-02 1.169938390102874705e-04
3.500000000000000333e-02 2.084515608442170584e-02 1.086751571091516691e-04
3.599999999999999728e-02 1.831635667859195932e-02 1.018473300986104900e-04
3.699999999999999817e-02 1.578076714865935329e-02 9.450752820928431713e-05
3.799999999999999906e-02 1.378427082304547677e-02 8.830496660053983003e-05
3.899999999999999994e-02 1.216714509574054644e-02 8.293456270383256089e-05
4.000000000000000083e-02 1.072188324759308468e-02 7.785109344074876085e-05
4.100000000000000172e-02 9.545230636609941879e-03 7.339035155621071089e-05
4.100000000000000172e-02 9.545230636609941879e-03 8.049756192335527435e-06
4.200000000000000261e-02 8.589992093126247452e-03 6.964852533702048864e-05
4.299999999999999656e-02 7.598645471897444957e-03 6.555338813726398835e-05
4.399999999999999745e-02 6.816493125318601708e-03 6.203880820832776853e-05
4.499999999999999833e-02 6.234387311529536631e-03 5.937084281754808176e-05
4.599999999999999922e-02 5.718731855890201929e-03 5.682024355544804817e-05
4.700000000000000011e-02 5.091588152092535804e-03 5.360245355248577652e-05
4.800000000000000100e-02 4.516619128877786410e-03 5.045084233181044894e-05
4.900000000000000189e-02 4.164169139095584560e-03 4.848343425918509250e-05
5.000000000000000278e-02 3.793271429744767952e-03 4.622219489735201315e-05
5.099999999999999672e-02 3.475592703715454836e-03 4.871199062074874571e-06
5.099999999999999672e-02 3.487809261469483352e-03 4.432419588877724276e-05
6.099999999999999867e-02 1.568136173300811557e-03 3.269386788978720230e-06
7.099999999999999367e-02 8.203298085213652684e-04 2.369669622356987192e-06
8.100000000000000255e-02 4.561001037392432974e-04 1.769144010433399773e-06
9.099999999999999756e-02 2.753355404549815279e-04 1.376879502686747922e-06
1.010000000000000064e-01 1.722212846665289456e-04 1.092563822751497985e-06
1.110000000000000014e-01 1.132509856927718856e-04 8.856834626673082116e-07
1.209999999999999964e-01 7.515645982677463541e-05 7.288468471144796949e-07
1.310000000000000053e-01 5.079997618719254916e-05 6.006266612036341950e-07
1.409999999999999865e-01 3.445244439756613803e-05 4.954779590624275408e-07
1.509999999999999953e-01 2.318348656216315061e-05 4.091058695767380488e-07
1.610000000000000042e-01 1.558173231101180365e-05 3.358336937159699110e-07
1.710000000000000131e-01 1.119714365339261901e-05 2.864491948896047324e-07
1.799999999999999933e-01 7.917035805241476323e-06 8.094583594541511538e-09
1.809999999999999942e-01 7.609214787110953999e-06 2.384345130966056537e-07
1.900000000000000022e-01 5.489329545793954505e-06 6.863176564635791315e-09
1.910000000000000031e-01 5.197082781033809191e-06 1.986850350927868775e-07
2.000000000000000111e-01 3.997210614870023322e-06 5.922017967292803748e-09
2.010000000000000120e-01 3.670969213243244681e-06 1.695626165080551042e-07
2.099999999999999922e-01 3.199909953702694357e-06 5.325969462402961372e-09
2.200000000000000011e-01 2.644289703191817233e-06 4.874076836993091117e-09
2.300000000000000100e-01 2.234954282105173706e-06 4.561179679869042401e-09
2.399999999999999911e-01 1.792902347680430207e-06 4.051819328467011283e-09
2.500000000000000000e-01 1.512057134526442658e-06 3.725291642878076436e-09
2.600000000000000089e-01 1.253644197864878316e-06 3.417821284086609308e-09
2.700000000000000178e-01 1.065623662439888858e-06 3.188107696748075655e-09
2.800000000000000266e-01 8.889805324193085010e-07 2.947483157801002643e-09
2.899999999999999800e-01 7.361524681831899233e-07 2.709425085479373649e-09
2.999999999999999889e-01 6.194141036737535843e-07 2.507963540237855520e-09
3.099999999999999978e-01 4.949132553651700165e-07 2.268349911749090509e-09
3.200000000000000067e-01 4.224503716162518295e-07 2.116900263854515575e-09
3.300000000000000155e-01 3.514393871649413780e-07 1.960976136550890684e-09
3.400000000000000244e-01 2.794938340378712215e-07 1.771278942419014574e-09
3.499999999999999778e-01 2.299954749940586644e-07 1.628612520085187279e-09
3.599999999999999867e-01 1.930370540403627286e-07 1.511234499157983644e-09
3.599999999999999867e-01 1.818763723130783125e-07 3.987600479227729736e-10
3.699999999999999956e-01 1.543558016119286051e-07 1.386054076508642651e-09
3.800000000000000044e-01 1.268966977522549772e-07 1.281846950906847963e-09
3.800000000000000044e-01 -2.285562126315927112e-08 2.853402486169169955e-10
3.900000000000000133e-01 1.023224290972154561e-07 1.180970360100216507e-09
4.000000000000000222e-01 8.202013547054410278e-08 1.095090705936627492e-09
4.000000000000000222e-01 6.788225313413336139e-08 2.917753896071381557e-10
4.199999999999999845e-01 4.808325740871023219e-08 2.559830246949459351e-10
4.400000000000000022e-01 2.362015270316381012e-08 2.163056307343277517e-10
4.600000000000000200e-01 1.415514337626718179e-08 1.934895602408740639e-10
4.799999999999999822e-01 1.541849277760067800e-08 1.852412240324421081e-10
5.000000000000000000e-01 1.080218311954231255e-08 1.756659319208721644e-10
5.200000000000000178e-01 6.509841828037156256e-09 1.656529138037927134e-10
5.400000000000000355e-01 4.879503081148400925e-09 1.616072708901722894e-10
5.600000000000000533e-01 3.315167356331963594e-09 1.607378599162831289e-10
5.799999999999999600e-01 2.281664280414626554e-09 1.590233565953754815e-10
5.999999999999999778e-01 1.397810040757389034e-09 1.618782116827994635e-10
6.199999999999999956e-01 1.621061375638691595e-09 1.643017328556341866e-10
6.400000000000000133e-01 1.018701569971130747e-09 1.694313509335359743e-10
6.600000000000000311e-01 8.385115501973967378e-10 1.751468160269311731e-10
6.800000000000000488e-01 5.435872103780237748e-10 1.846470818678393235e-10
6.999999999999999556e-01 4.594949072325214041e-10 1.906645709402729839e-10
7.199999999999999734e-01 4.361505523302222843e-10 2.036357489180435418e-10
