1.499999999999999944e-02 9.859174280902207599e-01 7.692168761734425849e-04
1.600000000000000033e-02 9.804798629716140468e-01 7.669285555181178885e-04
1.700000000000000122e-02 9.898500783913150025e-01 7.680123512961304147e-04
1.799999999999999864e-02 9.932227232023630448e-01 7.677775162143367707e-04
1.899999999999999953e-02 9.984217752837247772e-01 7.685848721729348926e-04
2.000000000000000042e-02 9.937841492071012306e-01 7.657992437954503576e-04
2.100000000000000130e-02 9.859926233162937814e-01 7.621798839732317260e-04
2.199999999999999872e-02 9.432193386937636204e-01 7.450480846645584580e-04
2.299999999999999961e-02 7.545687087349548516e-01 6.659104465057899417e-04
2.400000000000000050e-02 3.384289963893317155e-01 4.450295091369328607e-04
2.500000000000000139e-02 2.053866308703649890e-01 3.466880839909500982e-04
2.599999999999999881e-02 1.424890889550851358e-01 2.887410005072314832e-04
2.699999999999999969e-02 1.050510834816436867e-01 2.479583066852626889e-04
2.800000000000000058e-02 8.037434747759933384e-02 2.169507717250437743e-04
2.900000000000000147e-02 6.389041329533642899e-02 1.932806527390485958e-04
2.999999999999999889e-02 5.201138033250590764e-02 1.742918746672164783e-04
3.099999999999999978e-02 4.283932811928115036e-02 1.581656897875266185e-04
3.200000000000000067e-02 3.558054260639439970e-02 1.440390750176360319e-04
3.300000000000000155e-02 2.996059472977863347e-02 1.322118207322921311e-04
3.400000000000000244e-02 2.562298020721658770e-02 1.222274167456577658e-04
3.500000000000000333e-02 2.185346737098387351e-02 1.128366256788201980e-04
3.599999999999999728e-02 1.909248867286010565e-02 1.054531604176067917e-04
3.699999999999999817e-02 1.657201996689816256e-02 9.822649256650614201e-05
3.799999999999999906e-02 1.441722376162969665e-02 9.156314704076377853e-05
3.899999999999999994e-02 1.293273040913391243e-02 8.674586482329336545e-05
4.000000000000000083e-02 1.128816088651435866e-02 8.104506409448204870e-05
4.100000000000000172e-02 9.902534088220638422e-03 7.586866743062628245e-05
4.100000000000000172e-02 9.902534088220638422e-03 8.282628304948914369e-06
4.200000000000000261e-02 8.845851867733447657e-03 7.169003889869811862e-05
4.299999999999999656e-02 7.924793110991259007e-03 6.784917264713288463e-05
4.399999999999999745e-02 7.167210236256602203e-03 6.457852903612053871e-05
4.499999999999999833e-02 6.422371821763632471e-03 6.113596491765115504e-05
4.599999999999999922e-02 5.888498910505875379e-03 5.848102160867645500e-05
4.700000000000000011e-02 5.058690416603272948e-03 5.421372685176671977e-05
4.800000000000000100e-02 4.715133283380665112e-03 5.230400374653931264e-05
4.900000000000000189e-02 4.413428990187972904e-03 5.061944818892300430e-05
5.000000000000000278e-02 3.897601457885539484e-03 4.760964152480165582e-05
5.099999999999999672e-02 3.593392489107961104e-03 5.005226688003057990e-06
5.099999999999999672e-02 3.707042986476136257e-03 4.634207517771973296e-05
6.099999999999999867e-02 1.603627825182862843e-03 3.341646430286365305e-06
7.099999999999999367e-02 8.130483494611181637e-04 2.384873984211220681e-06
8.100000000000000255e-02 4.482958627755024390e-04 1.774083629622789336e-06
9.099999999999999756e-02 2.627279371867643175e-04 1.360306577599158026e-06
1.010000000000000064e-01 1.589884464111040356e-04 1.062247971505044054e-06
1.110000000000000014e-01 9.867047835217970081e-05 8.363550698869927979e-07
1.209999999999999964e-01 6.247704582953824890e-05 6.723858033785466175e-07
1.310000000000000053e-01 3.893552380532512260e-05 5.333179866401746508e-07
1.409999999999999865e-01 2.466083385818913321e-05 4.247181651715680800e-07
1.509999999999999953e-01 1.446733615103175772e-05 3.288472516437736442e-07
1.610000000000000042e-01 8.905902797426909286e-06 2.584535712558001103e-07
1.710000000000000131e-01 5.416658577505057091e-06 2.008464728448462413e-07
1.799999999999999933e-01 3.184225564332025402e-06 5.384116373208080187e-09
1.809999999999999942e-01 2.812988939772043646e-06 1.467087582502007636e-07
1.900000000000000022e-01 1.684076866135851846e-06 3.996455729158818398e-09
1.910000000000000031e-01 1.695545100913850743e-06 1.132709918277060007e-07
2.000000000000000111e-01 1.027552257738531886e-06 3.168729620938496416e-09
2.010000000000000120e-01 9.118305077323079652e-07 8.690698310639659248e-08
2.099999999999999922e-01 7.698851694841176766e-07 2.776578424063282327e-09
2.200000000000000011e-01 6.695497114630673211e-07 2.629652380440220317e-09
2.300000000000000100e-01 6.941598924986884726e-07 2.731296860222765054e-09
2.399999999999999911e-01 7.064366940511439981e-07 2.730481511344813459e-09
2.500000000000000000e-01 7.318490096166748567e-07 2.788379090259305944e-09
2.600000000000000089e-01 7.472072924814670820e-07 2.836225374966213819e-09
2.700000000000000178e-01 7.405239280814507124e-07 2.858354710905243561e-09
2.800000000000000266e-01 7.114296293935644252e-07 2.832369155012669792e-09
2.899999999999999800e-01 6.653613191581574531e-07 2.766455126503312333e-09
2.999999999999999889e-01 5.951228977495999897e-07 2.656718650842392347e-09
3.099999999999999978e-01 5.382778264926321668e-07 2.545115637443377058e-09
3.200000000000000067e-01 4.743427911891867782e-07 2.426208171964905875e-09
3.300000000000000155e-01 4.027892830573407576e-07 2.269488133526469403e-09
3.400000000000000244e-01 3.370587526987377023e-07 2.105701346413190485e-09
3.499999999999999778e-01 2.801807678512100252e-07 1.938844283256145544e-09
3.599999999999999867e-01 2.216212818976290409e-07 1.757921622224982718e-09
3.599999999999999867e-01 2.282926644859231251e-07 5.175659089300513711e-10
3.699999999999999956e-01 1.726583930939471832e-07 1.593156393382488509e-09
3.800000000000000044e-01 1.330491157452471778e-07 1.436949382933971804e-09
3.800000000000000044e-01 1.248116877766222175e-07 4.107348514379554559e-10
3.900000000000000133e-01 1.014516197915469242e-07 1.288297839424302644e-09
4.000000000000000222e-01 7.568971436255390400e-08 1.161311725437346237e-09
4.000000000000000222e-01 7.062831269853423691e-08 3.315906333671725355e-10
4.199999999999999845e-01 3.770559609685504499e-08 2.688720583347057717e-10
4.400000000000000022e-01 1.922146667528576772e-08 2.240712127265355667e-10
4.600000000000000200e-01 9.256025325664461463e-09 1.946937457187840592e-10
4.799999999999999822e-01 4.606589778330121450e-09 1.810555602492790610e-10
5.000000000000000000e-01 2.985919954324810795e-09 1.784253512197770899e-10
5.200000000000000178e-01 2.515647798335204114e-09 1.835829451198218565e-10
5.400000000000000355e-01 2.087456712442395280e-09 1.866145184945408631e-10
5.600000000000000533e-01 2.087057508562001409e-09 1.928662540002350465e-10
5.799999999999999600e-01 1.665136869137700624e-09 1.945209346457117397e-10
5.999999999999999778e-01 1.207132445124638315e-09 2.007003600638437029e-10
6.199999999999999956e-01 1.169210152630152056e-09 2.054496609053862320e-10
6.400000000000000133e-01 6.784277131608950769e-10 2.102407276913993306e-10
6.600000000000000311e-01 4.875386255945718717e-10 2.160792390600426612e-10
6.800000000000000488e-01 7.478191094567977028e-10 2.285267929631218730e-10
6.999999999999999556e-01 4.409933631692194429e-10 2.349991544808522190e-10
7.199999999999999734e-01 3.182696605522164202e-11 2.542563163297036736e-10
