1.499999999999999944e-02 1.009307453496811169e+00 8.280878962137385585e-04
1.600000000000000033e-02 9.997817558828687723e-01 8.236318098727058064e-04
1.700000000000000122e-02 1.013160226882259929e+00 8.261308041686293716e-04
1.799999999999999864e-02 1.036912204135914672e+00 8.338443558477996124e-04
1.899999999999999953e-02 1.028353521652946689e+00 8.288397600483219654e-04
2.000000000000000042e-02 1.044587206226178289e+00 8.341992426155294326e-04
2.100000000000000130e-02 1.031135575605550248e+00 8.280995297550653366e-04
2.199999999999999872e-02 9.822404572108566212e-01 8.077212498393767943e-04
2.299999999999999961e-02 6.279806603722247749e-01 6.451054742140557028e-04
2.400000000000000050e-02 3.245484613879007774e-01 4.630432478383621426e-04
2.500000000000000139e-02 2.071845571706970868e-01 3.700000938105966011e-04
2.599999999999999881e-02 1.433635483599313976e-01 3.077699447098052846e-04
2.699999999999999969e-02 1.063082801462643390e-01 2.650392417232873906e-04
2.800000000000000058e-02 8.205188385779593752e-02 2.329186062015653534e-04
2.900000000000000147e-02 6.525624227886173134e-02 2.075330057405226473e-04
2.999999999999999889e-02 5.349442137200700886e-02 1.878393124228549226e-04
3.099999999999999978e-02 4.428397928244526965e-02 1.708485878098031934e-04
3.200000000000000067e-02 3.682362012904784321e-02 1.557244878720228255e-04
3.300000000000000155e-02 3.108668781918947147e-02 1.431032059710521734e-04
3.400000000000000244e-02 2.680705040360660887e-02 1.328297334497318283e-04
3.500000000000000333e-02 2.296944688173870389e-02 1.229065757771255138e-04
3.599999999999999728e-02 1.955016682862666805e-02 1.133510351172019857e-04
3.699999999999999817e-02 1.723744073401442881e-02 1.064519304376974435e-04
3.799999999999999906e-02 1.511244431553233555e-02 9.964201824745533753e-05
3.899999999999999994e-02 1.359872064401626036e-02 9.456451515572580121e-05
4.000000000000000083e-02 1.179351292958461493e-02 8.798737896568603102e-05
4.100000000000000172e-02 1.045032120200209066e-02 8.274640846384851626e-05
4.100000000000000172e-02 1.045032120200209066e-02 8.906305634912366789e-06
4.200000000000000261e-02 9.341456915379778639e-03 7.830272307701498116e-05
4.299999999999999656e-02 8.401194133276685544e-03 7.427871624655313864e-05
4.399999999999999745e-02 7.579469488694626569e-03 7.053631116002461636e-05
4.499999999999999833e-02 6.854921353334765891e-03 6.707432651606172165e-05
4.599999999999999922e-02 6.323119935139440151e-03 6.436885849344476740e-05
4.700000000000000011e-02 5.647346860007334581e-03 6.088687850335092259e-05
4.800000000000000100e-02 5.044452182576364234e-03 5.753960151535644432e-05
4.900000000000000189e-02 4.642952252355341154e-03 5.515676393356411093e-05
5.000000000000000278e-02 4.235286104345935970e-03 5.269899096373088283e-05
5.099999999999999672e-02 3.837356236496349948e-03 5.413280290600557991e-06
5.099999999999999672e-02 3.961003393156460779e-03 5.096242345904272416e-05
6.099999999999999867e-02 1.742367960767590577e-03 3.646157181342877162e-06
7.099999999999999367e-02 8.993507150586059007e-04 2.625019859867664553e-06
8.100000000000000255e-02 5.020974920727753902e-04 1.964805217919473736e-06
9.099999999999999756e-02 2.956044443384198291e-04 1.511100319654243819e-06
1.010000000000000064e-01 1.768017366509284385e-04 1.171328805337977475e-06
1.110000000000000014e-01 1.125614001970361090e-04 9.340435198258473544e-07
1.209999999999999964e-01 7.127689086283785821e-05 7.503366809547336180e-07
1.310000000000000053e-01 4.618757319175227833e-05 6.057246568050030157e-07
1.409999999999999865e-01 3.004840739291790745e-05 4.916599297060112827e-07
1.509999999999999953e-01 1.835335399115053552e-05 3.877929350472804919e-07
1.610000000000000042e-01 1.120636598349269697e-05 3.034769470293528196e-07
1.710000000000000131e-01 6.790905377196740327e-06 2.372705320219475276e-07
1.799999999999999933e-01 3.781931225833460761e-06 5.714189589116765624e-09
1.809999999999999942e-01 3.686386218467949873e-06 1.763422516792903696e-07
1.900000000000000022e-01 2.468146814785575538e-06 4.703511244458345682e-09
1.910000000000000031e-01 2.118917035044684180e-06 1.353927398245094739e-07
2.000000000000000111e-01 1.833310591529107676e-06 4.096741032192017764e-09
2.010000000000000120e-01 1.346115911754485839e-06 1.086220642686589443e-07
2.099999999999999922e-01 1.433160051763606902e-06 3.648997569590481329e-09
2.200000000000000011e-01 1.193225143218967872e-06 3.360457919805342930e-09
2.300000000000000100e-01 1.016013702703924864e-06 3.171173741606595715e-09
2.399999999999999911e-01 8.396064714571381186e-07 2.866210308351319134e-09
2.500000000000000000e-01 7.115014301266934553e-07 2.654170387479069917e-09
2.600000000000000089e-01 6.038693026538752126e-07 2.467325934566809427e-09
2.700000000000000178e-01 5.200430879305174853e-07 2.317894461481292046e-09
2.800000000000000266e-01 4.477114334856934966e-07 2.186043650523611900e-09
2.899999999999999800e-01 3.780975179779631413e-07 2.038646294614187167e-09
2.999999999999999889e-01 3.279669960937154605e-07 1.917605000305969990e-09
3.099999999999999978e-01 2.716143063511757681e-07 1.772239849855950660e-09
3.200000000000000067e-01 2.251546365579598028e-07 1.639269396141664300e-09
3.300000000000000155e-01 1.800802228128417938e-07 1.508765196804167099e-09
3.400000000000000244e-01 1.502467836651161996e-07 1.394354427106505192e-09
3.499999999999999778e-01 1.222962349859592419e-07 1.278792605901828916e-09
3.599999999999999867e-01 9.459326589647310945e-08 1.163780002353253039e-09
3.599999999999999867e-01 9.446059626169620725e-08 3.221893410991202275e-10
3.699999999999999956e-01 7.267436982229866666e-08 1.041549843246174668e-09
3.800000000000000044e-01 5.774018308080818888e-08 9.714742388297208171e-10
3.800000000000000044e-01 5.789129129127386716e-08 2.733183797772915087e-10
3.900000000000000133e-01 4.645060667349900809e-08 8.952479732902432759e-10
4.000000000000000222e-01 3.627680460691183693e-08 8.250103590445883792e-10
4.000000000000000222e-01 3.511852221958882960e-08 2.323855696685511844e-10
4.199999999999999845e-01 2.075861400184874553e-08 2.023006718114046448e-10
4.400000000000000022e-01 1.203541350324227771e-08 1.797083798628119024e-10
4.600000000000000200e-01 7.966843939933827556e-09 1.680502864413251303e-10
4.799999999999999822e-01 5.015856670672085426e-09 1.603758837382900532e-10
5.000000000000000000e-01 3.503779130372936162e-09 1.594516204818549961e-10
5.200000000000000178e-01 2.427873558609952294e-09 1.594174163776870342e-10
5.400000000000000355e-01 2.145965395346042370e-09 1.617230686725715333e-10
5.600000000000000533e-01 1.594432950893907570e-09 1.647467604568431317e-10
5.799999999999999600e-01 1.119812783629003123e-09 1.687070808113363550e-10
5.999999999999999778e-01 1.109472043956825372e-09 1.728898816349241274e-10
6.199999999999999956e-01 1.134677488656485019e-09 1.785808097636186719e-10
6.400000000000000133e-01 6.727464851486931954e-10 1.829139566246121980e-10
6.600000000000000311e-01 3.786556523958606317e-10 1.919525965426156373e-10
6.800000000000000488e-01 3.060032308411157044e-10 2.021072415112758558e-10
6.999999999999999556e-01 2.165184144120449467e-10 2.097040145713466391e-10
7.199999999999999734e-01 3.795711636797377817e-10 2.237287522431273452e-10
