1.499999999999999944e-02 1.038813733899194958e+00 8.077449753446930281e-04
1.600000000000000033e-02 1.041642277406053196e+00 8.085261029593162610e-04
1.700000000000000122e-02 1.047237069877999360e+00 8.079346396546989526e-04
1.799999999999999864e-02 1.053238624809355262e+00 8.085050521659427336e-04
1.899999999999999953e-02 1.053632188866703956e+00 8.072224172919813690e-04
2.000000000000000042e-02 1.055347853514362111e+00 8.068333146029847951e-04
2.100000000000000130e-02 1.051058942070886015e+00 8.045428086044743897e-04
2.199999999999999872e-02 1.026552351528794649e+00 7.946931377581381920e-04
2.299999999999999961e-02 6.688342390971175888e-01 6.406776109648972505e-04
2.400000000000000050e-02 4.318305381496421735e-01 5.140205275864877504e-04
2.500000000000000139e-02 2.699361167845839016e-01 4.063885110690874263e-04
2.599999999999999881e-02 1.636263377908526162e-01 3.163760844275880705e-04
2.699999999999999969e-02 1.155044008764280761e-01 2.658171696048637427e-04
2.800000000000000058e-02 8.659345313398969513e-02 2.302435167249326559e-04
2.900000000000000147e-02 6.748900465544903360e-02 2.031421425249657750e-04
2.999999999999999889e-02 5.414772934721064773e-02 1.818305798333125884e-04
3.099999999999999978e-02 4.381186582306575289e-02 1.635654232513981867e-04
3.200000000000000067e-02 3.644920656010073451e-02 1.491082295663297412e-04
3.300000000000000155e-02 3.078725854067637657e-02 1.370707968882460786e-04
3.400000000000000244e-02 2.559871341388702051e-02 1.250005725705411938e-04
3.500000000000000333e-02 2.196104580708238899e-02 1.156836980964079208e-04
3.599999999999999728e-02 1.925578784352113826e-02 1.082859943501786771e-04
3.699999999999999817e-02 1.658279589893106587e-02 1.004938439912972891e-04
3.799999999999999906e-02 1.455524163061618081e-02 9.416152841047433419e-05
3.899999999999999994e-02 1.263786762488152207e-02 8.771111649205061238e-05
4.000000000000000083e-02 1.128803098673545995e-02 8.285746126654149274e-05
4.100000000000000172e-02 9.950687877608287851e-03 7.776543934020132957e-05
4.100000000000000172e-02 9.950687877608287851e-03 8.533623338167804510e-06
4.200000000000000261e-02 8.837479045711514949e-03 7.332187560590894390e-05
4.299999999999999656e-02 7.905133080081916744e-03 6.932607571687293669e-05
4.399999999999999745e-02 6.994453829216457953e-03 6.527801999670702947e-05
4.499999999999999833e-02 6.382138837919280709e-03 6.237561773260263086e-05
4.599999999999999922e-02 5.710171207365393083e-03 5.894960671766174133e-05
4.700000000000000011e-02 5.116387207743438789e-03 5.581096977056864713e-05
4.800000000000000100e-02 4.734530723841692129e-03 5.366306999708097793e-05
4.900000000000000189e-02 4.270449772108201106e-03 5.101547598909334023e-05
5.000000000000000278e-02 3.902298132998597603e-03 4.872876242540262232e-05
5.099999999999999672e-02 3.528162000654300016e-03 5.100027048829402116e-06
5.099999999999999672e-02 3.543487462528632694e-03 4.643528373804228982e-05
6.099999999999999867e-02 1.556421399620337796e-03 3.389466346206427021e-06
7.099999999999999367e-02 7.784234523735353165e-04 2.403254999839571280e-06
8.100000000000000255e-02 4.246407341260664153e-04 1.779752242528597970e-06
9.099999999999999756e-02 2.427117800802688278e-04 1.350215378097902707e-06
1.010000000000000064e-01 1.385985684283746859e-04 1.024133771286134579e-06
1.110000000000000014e-01 8.380379627517003829e-05 7.974105775552937503e-07
1.209999999999999964e-01 4.900104366771197088e-05 6.159757855796234254e-07
1.310000000000000053e-01 2.998733511890843578e-05 4.848833693989356073e-07
1.409999999999999865e-01 1.729223762330441179e-05 3.723240767910647725e-07
1.509999999999999953e-01 1.001240931528646322e-05 2.830426603236261821e-07
1.610000000000000042e-01 5.635800128308682459e-06 2.153403025885626218e-07
1.710000000000000131e-01 2.882587020485726460e-06 1.592135802578200181e-07
1.799999999999999933e-01 1.858352607068343060e-06 4.189890978900197321e-09
1.809999999999999942e-01 1.757938261322459853e-06 1.222018070078642370e-07
1.900000000000000022e-01 1.126379197343138927e-06 3.357335524590295509e-09
1.910000000000000031e-01 1.042880750000423569e-06 9.506962724691428686e-08
2.000000000000000111e-01 7.993397389187309631e-07 2.886532375784299870e-09
2.010000000000000120e-01 7.866335291686652109e-07 8.520915544113056213e-08
2.099999999999999922e-01 7.415522338624443610e-07 2.817885110494101458e-09
2.200000000000000011e-01 7.806019480554908894e-07 2.923607157027978692e-09
2.300000000000000100e-01 8.801064677728366790e-07 3.168599164630469366e-09
2.399999999999999911e-01 9.151278198213302014e-07 3.214429888741978808e-09
2.500000000000000000e-01 9.578434463059923589e-07 3.290634062688288322e-09
2.600000000000000089e-01 9.854975253437085517e-07 3.360615657630262401e-09
2.700000000000000178e-01 9.501107572683734645e-07 3.349398699253641171e-09
2.800000000000000266e-01 8.969133510027824853e-07 3.294654956639503241e-09
2.899999999999999800e-01 8.205147754141460029e-07 3.191281239165557474e-09
2.999999999999999889e-01 7.341951198759782592e-07 3.054671728111921180e-09
3.099999999999999978e-01 6.459899183667630393e-07 2.894192243742699824e-09
3.200000000000000067e-01 5.461967871036831314e-07 2.711160945949700893e-09
3.300000000000000155e-01 4.468030784744742925e-07 2.497599748980310534e-09
3.400000000000000244e-01 3.388399239321567084e-07 2.204644490266672166e-09
3.499999999999999778e-01 2.854214761240756408e-07 2.059862108977978699e-09
3.599999999999999867e-01 2.165669293535455073e-07 1.819804237118321462e-09
3.599999999999999867e-01 2.166503027361946442e-07 5.469150040438269707e-10
3.699999999999999956e-01 1.630475816157086008e-07 1.627293085324806802e-09
3.800000000000000044e-01 1.163088069321672068e-07 1.422436663328414221e-09
3.800000000000000044e-01 4.471857351172242610e-09 3.805104763635006975e-10
3.900000000000000133e-01 8.557660301787784972e-08 1.250887247813741749e-09
4.000000000000000222e-01 6.014578899444068813e-08 1.091322518550011703e-09
4.000000000000000222e-01 4.078042942709736462e-08 3.154854851620308385e-10
4.199999999999999845e-01 2.700028128013601751e-08 2.512906474756617174e-10
4.400000000000000022e-01 8.588643557456887351e-09 1.974021355779649327e-10
4.600000000000000200e-01 4.661096037447446880e-09 1.781790911717252777e-10
4.799999999999999822e-01 2.419766921180685491e-09 1.718612070913117121e-10
5.000000000000000000e-01 2.121709761740178601e-09 1.752669027203987956e-10
5.200000000000000178e-01 2.172181552825064897e-09 1.802448133755051230e-10
5.400000000000000355e-01 2.021156585387524258e-09 1.847393589625876274e-10
5.600000000000000533e-01 1.422979811915408635e-09 1.878457339319009431e-10
5.799999999999999600e-01 8.234113619420843300e-10 1.900881741744636152e-10
5.999999999999999778e-01 7.865938980426557228e-10 1.938714579821039216e-10
6.199999999999999956e-01 8.907687497229324734e-10 1.970686450298793510e-10
6.400000000000000133e-01 8.392328875211473856e-10 2.024982757619516743e-10
6.600000000000000311e-01 3.281526477388234885e-10 2.116008989824177658e-10
6.800000000000000488e-01 2.656098106378917107e-10 2.230203084210295480e-10
6.999999999999999556e-01 1.463801921314216258e-10 2.321710028160839149e-10
7.199999999999999734e-01 1.098221791443833705e-11 2.479222012017809710e-10
