1.499999999999999944e-02 1.019926550310294111e+00 8.050273360926883367e-04
1.600000000000000033e-02 1.010728523461688289e+00 8.002762316047135364e-04
1.700000000000000122e-02 1.013333479190993813e+00 7.980690396049813957e-04
1.799999999999999864e-02 1.021282717550508812e+00 7.988698592353628844e-04
1.899999999999999953e-02 1.023363033539219646e+00 7.974901239545041957e-04
2.000000000000000042e-02 1.021961228734771687e+00 7.953288062614225200e-04
2.100000000000000130e-02 1.004000148796738268e+00 7.873764335599426180e-04
2.199999999999999872e-02 9.870886121734276930e-01 7.801022468297021508e-04
2.299999999999999961e-02 8.583490448287681707e-01 7.271620084032818154e-04
2.400000000000000050e-02 4.484335673507143238e-01 5.249403841289408939e-04
2.500000000000000139e-02 2.726183972489947815e-01 4.096095375070432296e-04
2.599999999999999881e-02 1.679480456084651574e-01 3.215228060161849774e-04
2.699999999999999969e-02 1.178198350202349087e-01 2.694230644404412359e-04
2.800000000000000058e-02 8.901703149431887396e-02 2.343520145422234454e-04
2.900000000000000147e-02 6.829390428541670666e-02 2.052011093457673744e-04
2.999999999999999889e-02 5.459064434569647212e-02 1.834275420812168868e-04
3.099999999999999978e-02 4.416747074364601316e-02 1.651629255542378814e-04
3.200000000000000067e-02 3.648752996358354400e-02 1.501260047260419240e-04
3.300000000000000155e-02 3.065702324589480304e-02 1.376315463068483757e-04
3.400000000000000244e-02 2.568139775052082074e-02 1.259638811810553829e-04
3.500000000000000333e-02 2.201145557510660739e-02 1.166379776601837953e-04
3.599999999999999728e-02 1.891636913811552134e-02 1.081477734271460515e-04
3.699999999999999817e-02 1.641409146872163660e-02 1.006548438259830620e-04
3.799999999999999906e-02 1.433513028617718413e-02 9.411647531999499773e-05
3.899999999999999994e-02 1.246138142280644144e-02 8.781788419864159398e-05
4.000000000000000083e-02 1.084671813789042302e-02 8.199678663273344463e-05
4.100000000000000172e-02 9.434995294170194988e-03 7.642991094539459290e-05
4.100000000000000172e-02 9.434995294170194988e-03 8.224021858766690008e-06
4.200000000000000261e-02 8.248354140841872295e-03 7.142461300993118627e-05
4.299999999999999656e-02 7.421553455865329864e-03 6.784270768021651607e-05
4.399999999999999745e-02 6.689767739661086829e-03 6.435801853966934818e-05
4.499999999999999833e-02 6.069484927317709590e-03 6.139663366241369816e-05
4.599999999999999922e-02 5.403804265267323631e-03 5.794594840987002908e-05
4.700000000000000011e-02 4.897960554243511143e-03 5.504139117666375763e-05
4.800000000000000100e-02 4.449055698081181773e-03 5.258880691318713196e-05
4.900000000000000189e-02 3.983696238749463887e-03 4.988368983211630543e-05
5.000000000000000278e-02 3.699236003110486972e-03 4.810255772554942696e-05
5.099999999999999672e-02 3.254816281231218654e-03 4.865099963578516925e-06
5.099999999999999672e-02 3.361816584276014399e-03 4.580731027336824043e-05
6.099999999999999867e-02 1.388278066622734190e-03 3.191500089137900844e-06
7.099999999999999367e-02 6.731934736778540920e-04 2.234424733053525689e-06
8.100000000000000255e-02 3.428583680084669374e-04 1.612448631328335302e-06
9.099999999999999756e-02 1.870971860042533149e-04 1.200825570844525529e-06
1.010000000000000064e-01 1.039276350906268264e-04 8.988819448017537659e-07
1.110000000000000014e-01 6.013366752391116176e-05 6.881320916457234672e-07
1.209999999999999964e-01 3.415174432138996260e-05 5.255761149675392235e-07
1.310000000000000053e-01 1.895284456406503976e-05 3.968792769533043065e-07
1.409999999999999865e-01 1.106312543063331312e-05 3.039640418791368967e-07
1.509999999999999953e-01 6.079337593181317426e-06 2.307636572491704785e-07
1.610000000000000042e-01 3.073526113681732405e-06 1.673500382660753679e-07
1.710000000000000131e-01 1.833054471450799390e-06 1.249991055876430867e-07
1.799999999999999933e-01 9.104543600257679500e-07 3.064798483676105471e-09
1.809999999999999942e-01 9.159154896375699116e-07 9.270779085811296335e-08
1.900000000000000022e-01 5.360001735049568130e-07 2.470159543576767532e-09
1.910000000000000031e-01 3.920657316643343614e-07 6.910273147929380205e-08
2.000000000000000111e-01 4.116783369084332440e-07 2.257482284986081124e-09
2.010000000000000120e-01 4.507770546434344678e-07 7.288371860245904152e-08
2.099999999999999922e-01 4.021488618191914859e-07 2.266995770104032132e-09
2.200000000000000011e-01 4.194651997534203333e-07 2.349697967684333225e-09
2.300000000000000100e-01 4.525886038042907842e-07 2.482786071447429932e-09
2.399999999999999911e-01 4.579637812678567626e-07 2.486393375798187078e-09
2.500000000000000000e-01 4.782604600625177781e-07 2.529416706837521184e-09
2.600000000000000089e-01 4.735167333307095900e-07 2.533345095373953375e-09
2.700000000000000178e-01 4.482489620439690571e-07 2.506209818965104200e-09
2.800000000000000266e-01 4.141327097946090689e-07 2.442305993854080705e-09
2.899999999999999800e-01 3.700395083739915281e-07 2.360506245158371454e-09
2.999999999999999889e-01 3.269888762884206387e-07 2.248346182922743369e-09
3.099999999999999978e-01 2.732594258894632943e-07 2.098562981580330502e-09
3.200000000000000067e-01 2.228701371001370594e-07 1.923494896209587380e-09
3.300000000000000155e-01 1.831393805510472745e-07 1.772156767393303971e-09
3.400000000000000244e-01 1.336902028637017545e-07 1.547759663568280326e-09
3.499999999999999778e-01 1.042983656860390088e-07 1.420870157345604055e-09
3.599999999999999867e-01 7.707393366304779678e-08 1.248920602659915117e-09
3.599999999999999867e-01 6.753065126205746421e-08 3.386021447076039996e-10
3.699999999999999956e-01 5.952644241436663355e-08 1.117860077560103035e-09
3.800000000000000044e-01 3.987816256277211154e-08 9.646263066409621278e-10
3.800000000000000044e-01 -1.150270432537731774e-08 2.301983911743737047e-10
3.900000000000000133e-01 2.689454766284922430e-08 8.428457066214506408e-10
4.000000000000000222e-01 1.890411028398628510e-08 7.516491167189338097e-10
4.000000000000000222e-01 -2.624278840767640733e-09 1.723569835772285871e-10
4.199999999999999845e-01 -1.935460192231796130e-10 1.490840818656801194e-10
4.400000000000000022e-01 4.435108011146025576e-10 1.379388396978321565e-10
4.600000000000000200e-01 4.294187530815613519e-10 1.359392773888450308e-10
4.799999999999999822e-01 6.403579392964516363e-10 1.386780882905908378e-10
5.000000000000000000e-01 3.214849624685824295e-10 1.422443378122638909e-10
5.200000000000000178e-01 5.389105186521392738e-10 1.470061405027063635e-10
5.400000000000000355e-01 2.750490719807345275e-10 1.507934035782110971e-10
5.600000000000000533e-01 3.288156976794434660e-10 1.537868479883024860e-10
5.799999999999999600e-01 4.937638243165508472e-10 1.585805807961476220e-10
5.999999999999999778e-01 3.654677712863196947e-10 1.629311357232462110e-10
6.199999999999999956e-01 4.953324938928400851e-10 1.681529025331045056e-10
6.400000000000000133e-01 2.579342143645953881e-10 1.770803170155644044e-10
6.600000000000000311e-01 -8.891025608171290975e-12 1.844453923496093038e-10
6.800000000000000488e-01 3.692962370213914847e-11 1.943567220158526283e-10
6.999999999999999556e-01 2.549027836787207474e-10 2.017421317720043717e-10
7.199999999999999734e-01 1.457420204962007131e-10 2.137695548435423387e-10
