1.499999999999999944e-02 9.211573451099879239e-01 7.198311400270125410e-04
1.600000000000000033e-02 9.157815940091457163e-01 7.171614905986995912e-04
1.700000000000000122e-02 9.199741933294884877e-01 7.161160951725906599e-04
1.799999999999999864e-02 8.975734625316906801e-01 7.056227998961674651e-04
1.899999999999999953e-02 8.955587310884004504e-01 7.034190706773751347e-04
2.000000000000000042e-02 8.940901740038982304e-01 7.018072527700812717e-04
2.100000000000000130e-02 8.941132840431570417e-01 7.012621592201829590e-04
2.199999999999999872e-02 8.340291828612985681e-01 6.767962856337171075e-04
2.299999999999999961e-02 5.793805355540124769e-01 5.635258859323003357e-04
2.400000000000000050e-02 3.195580808153658525e-01 4.178345591364024457e-04
2.500000000000000139e-02 1.875726882765003378e-01 3.201104290140256085e-04
2.599999999999999881e-02 1.274546379054721235e-01 2.638549073242344605e-04
2.699999999999999969e-02 9.485613953737749571e-02 2.276475972161305639e-04
2.800000000000000058e-02 7.351121168477406376e-02 2.004948693832623837e-04
2.900000000000000147e-02 5.816899866735964625e-02 1.781888405039700211e-04
2.999999999999999889e-02 4.690739116536060682e-02 1.599333510936653592e-04
3.099999999999999978e-02 3.882636602486851801e-02 1.454584791524362903e-04
3.200000000000000067e-02 3.227979869818219799e-02 1.325830949847165178e-04
3.300000000000000155e-02 2.718632972627757147e-02 1.217221182565185347e-04
3.400000000000000244e-02 2.290185757262570496e-02 1.116566391871221523e-04
3.500000000000000333e-02 1.990663518878440022e-02 1.040639130553519705e-04
3.599999999999999728e-02 1.722353403062335669e-02 9.678415590188898729e-05
3.699999999999999817e-02 1.484269668322128234e-02 8.982851955015317888e-05
3.799999999999999906e-02 1.298751525495127866e-02 8.401640142368544675e-05
3.899999999999999994e-02 1.138897605525578983e-02 7.868243444880840688e-05
4.000000000000000083e-02 1.005148208345515992e-02 7.390829538582216387e-05
4.100000000000000172e-02 9.150985068875152478e-03 7.046510449214862760e-05
4.200000000000000261e-02 8.157686627219523645e-03 6.651157454421130705e-05
4.299999999999999656e-02 7.199963293891398393e-03 6.254583917348978980e-05
4.399999999999999745e-02 6.428032495016396987e-03 5.909819506609886224e-05
4.499999999999999833e-02 5.887580135299492860e-03 5.655215093349361881e-05
4.599999999999999922e-02 5.226571594731855945e-03 5.331869240917096073e-05
4.700000000000000011e-02 4.704147740811111776e-03 5.053591777957179923e-05
4.800000000000000100e-02 4.366211490746783538e-03 4.865532724407894939e-05
4.900000000000000189e-02 3.957610136727468184e-03 4.637434473205147170e-05
5.000000000000000278e-02 3.624804062881262397e-03 4.433715854825385708e-05
5.099999999999999672e-02 3.306276193169773933e-03 4.694517379473085001e-06
6.099999999999999867e-02 1.491690948964647040e-03 3.152355167936367590e-06
7.099999999999999367e-02 7.716070298980888878e-04 2.273294423761753352e-06
8.100000000000000255e-02 4.287723938711580809e-04 1.698691784437012447e-06
9.099999999999999756e-02 2.571391427136795029e-04 1.318493787621345646e-06
1.010000000000000064e-01 1.603150082280227137e-04 1.044929961460814608e-06
1.110000000000000014e-01 1.037539611343312021e-04 8.413338122551870334e-07
1.209999999999999964e-01 6.824722626945782696e-05 6.902171966953874628e-07
1.310000000000000053e-01 4.782316733817093432e-05 5.794339050942856446e-07
1.409999999999999865e-01 3.154031668623637723e-05 4.728330699131302584e-07
1.509999999999999953e-01 2.249302972549080285e-05 4.014187499225198540e-07
1.610000000000000042e-01 1.538116553961360998e-05 3.351553369715450571e-07
1.710000000000000131e-01 1.027982434132879905e-05 2.766649310468644642e-07
1.799999999999999933e-01 7.566230633419994646e-06 7.892112493171597497e-09
1.809999999999999942e-01 6.967471276263133521e-06 2.289821377480097393e-07
1.900000000000000022e-01 5.099768844170019762e-06 6.598841938560786272e-09
1.910000000000000031e-01 5.221779468470954745e-06 1.990520548427172204e-07
2.000000000000000111e-01 3.694592647417585831e-06 5.675919192235307426e-09
2.010000000000000120e-01 3.376434108747585389e-06 1.611405045210134078e-07
2.099999999999999922e-01 2.560691068706302763e-06 4.751457570039022845e-09
2.200000000000000011e-01 1.761646497633358722e-06 3.969807411614626577e-09
2.300000000000000100e-01 1.197540959379429044e-06 3.343670423315795365e-09
2.399999999999999911e-01 7.683143119545187251e-07 2.672971086955873416e-09
2.500000000000000000e-01 4.958428856063087329e-07 2.160659663939523765e-09
2.600000000000000089e-01 3.085597390318942955e-07 1.733633948319228714e-09
2.700000000000000178e-01 1.864369385362402838e-07 1.382214759178257101e-09
2.800000000000000266e-01 1.076594418727091592e-07 1.093881312484836492e-09
2.899999999999999800e-01 6.235989283270186699e-08 8.641998043229372972e-10
2.999999999999999889e-01 3.117253983210180042e-08 6.838662186022140209e-10
3.099999999999999978e-01 1.641105260997022041e-08 5.700356676548263033e-10
3.200000000000000067e-01 8.903486320576350889e-09 5.043041321453179399e-10
3.300000000000000155e-01 7.504974785887954918e-09 4.998087956572059178e-10
3.400000000000000244e-01 8.704283038308964845e-09 5.115473489508197650e-10
3.499999999999999778e-01 1.039685013390213861e-08 5.436377820387781450e-10
3.599999999999999867e-01 1.310610052443841490e-08 5.708012945401862341e-10
3.699999999999999956e-01 1.523569745402853030e-08 5.995250800194148594e-10
3.800000000000000044e-01 1.578785201106576544e-08 6.153352237285185480e-10
3.800000000000000044e-01 1.564956851486766255e-08 2.104075450549920512e-10
3.900000000000000133e-01 1.546239257991402565e-08 6.293668660352041936e-10
4.000000000000000222e-01 1.666920507029290293e-08 6.548620176502299506e-10
4.199999999999999845e-01 1.519824021853858525e-08 2.200941412428518708e-10
4.400000000000000022e-01 1.248990120944361957e-08 2.185176796897699861e-10
4.600000000000000200e-01 9.413197946243427790e-09 2.137254741155124440e-10
4.799999999999999822e-01 7.115878559696340999e-09 2.091621568282968495e-10
5.000000000000000000e-01 4.800093943602192370e-09 2.039545346924351631e-10
5.200000000000000178e-01 3.085174861889585072e-09 2.020471603318334854e-10
5.400000000000000355e-01 2.172451917059680377e-09 1.999444134722842940e-10
5.600000000000000533e-01 1.275638077757426795e-09 2.028053675614842186e-10
5.799999999999999600e-01 1.139159408757473268e-09 2.029009112060225998e-10
5.999999999999999778e-01 6.840778049238301307e-10 2.088834524993420355e-10
6.199999999999999956e-01 4.315912144249193806e-11 2.162357241453834369e-10
6.400000000000000133e-01 5.496413803985261291e-10 2.267529190414133698e-10
6.600000000000000311e-01 3.352721182258041940e-10 2.333787156560076186e-10
6.800000000000000488e-01 5.543418628732076019e-10 2.488059980578749015e-10
6.999999999999999556e-01 -3.574134893185857188e-10 2.591377932950102516e-10
7.199999999999999734e-01 2.496557642184759301e-10 2.795989456937662035e-10
