1.499999999999999944e-02 1.266338296288536558e+00 9.867479762922591168e-04
1.600000000000000033e-02 1.272604932067201267e+00 9.883602002102016924e-04
1.700000000000000122e-02 1.278236252728429001e+00 9.866533222374594680e-04
1.799999999999999864e-02 1.289031091159006159e+00 9.881112134242377686e-04
1.899999999999999953e-02 1.298085586189065888e+00 9.894639474578004711e-04
2.000000000000000042e-02 1.303620116348437330e+00 9.899526396528529268e-04
2.100000000000000130e-02 1.309725757189172946e+00 9.913926758543555647e-04
2.199999999999999872e-02 1.302219613762932493e+00 9.880212679873811524e-04
2.299999999999999961e-02 8.740563024038467965e-01 8.084695291155089220e-04
2.400000000000000050e-02 3.914827140400421457e-01 5.400297087025386330e-04
2.500000000000000139e-02 2.449417681690896076e-01 4.271920759456201934e-04
2.599999999999999881e-02 1.716321555024719892e-01 3.575482995799141115e-04
2.699999999999999969e-02 1.282512170313115651e-01 3.090732396216517718e-04
2.800000000000000058e-02 9.932813363482483060e-02 2.721068177572166379e-04
2.900000000000000147e-02 7.806006189177530641e-02 2.410337315347122898e-04
2.999999999999999889e-02 6.326550871769047457e-02 2.168845955900710015e-04
3.099999999999999978e-02 5.202006215378831427e-02 1.966310982590509151e-04
3.200000000000000067e-02 4.357477153390151153e-02 1.798811986289961798e-04
3.300000000000000155e-02 3.668379698624864987e-02 1.650246398313417963e-04
3.400000000000000244e-02 3.133275223195335080e-02 1.524841326103394429e-04
3.500000000000000333e-02 2.704109156005653214e-02 1.415634600424846431e-04
3.599999999999999728e-02 2.318707229346895007e-02 1.311276973321713970e-04
3.699999999999999817e-02 2.009736486972698438e-02 1.220262290426561252e-04
3.799999999999999906e-02 1.762086952900985062e-02 1.141789620831402632e-04
3.899999999999999994e-02 1.560651881827414614e-02 1.075660972983922501e-04
4.000000000000000083e-02 1.387567394596606399e-02 1.013264606037107292e-04
4.100000000000000172e-02 1.200229917850522028e-02 9.422023648114184085e-05
4.200000000000000261e-02 1.082761265876082922e-02 8.944113724403094539e-05
4.299999999999999656e-02 9.554592438089853229e-03 8.410255907095030327e-05
4.399999999999999745e-02 8.706466959496721170e-03 8.027702186947671974e-05
4.499999999999999833e-02 7.753200047788207441e-03 7.578740009973656980e-05
4.599999999999999922e-02 6.934637200991916259e-03 7.162548931769223328e-05
4.700000000000000011e-02 6.329246443286799806e-03 6.841411583014561800e-05
4.800000000000000100e-02 5.877299568294948318e-03 6.589661158657034851e-05
4.900000000000000189e-02 5.206606013924912346e-03 6.207617393061557658e-05
5.000000000000000278e-02 4.981197556555086448e-03 6.061198312785190715e-05
5.099999999999999672e-02 4.339992274307003309e-03 6.196664683286855545e-06
6.099999999999999867e-02 1.948597519717049607e-03 4.150011157845906179e-06
7.099999999999999367e-02 1.013864194988990837e-03 2.999245503047754883e-06
8.100000000000000255e-02 5.618678145432048779e-04 2.238221300150603932e-06
9.099999999999999756e-02 3.439292904510355439e-04 1.754221411949736887e-06
1.010000000000000064e-01 2.203738284393230815e-04 1.407819932101028989e-06
1.110000000000000014e-01 1.455979278729944439e-04 1.143956961123432416e-06
1.209999999999999964e-01 9.499924484334873725e-05 9.328793658971126046e-07
1.310000000000000053e-01 6.966156036761474656e-05 8.021059188471286517e-07
1.409999999999999865e-01 4.851133937032765385e-05 6.728368468674842158e-07
1.509999999999999953e-01 3.519705659150624985e-05 5.738745044084097165e-07
1.610000000000000042e-01 2.522928467541509230e-05 4.917354951616004376e-07
1.710000000000000131e-01 1.873388917930146594e-05 4.225402793094928985e-07
1.799999999999999933e-01 1.435161497222013756e-05 1.262921052527364440e-08
1.809999999999999942e-01 1.381949727736228252e-05 3.659365009403469829e-07
1.900000000000000022e-01 1.067029887623784165e-05 1.107288992274503718e-08
1.910000000000000031e-01 1.036696494133002754e-05 3.207400409701245013e-07
2.000000000000000111e-01 8.065905826982768171e-06 9.711679779235346344e-09
2.010000000000000120e-01 6.993924111451792100e-06 2.649731612342635860e-07
2.099999999999999922e-01 6.141885224090647972e-06 8.514623220509812072e-09
2.200000000000000011e-01 4.666601618421891094e-06 7.475889101651146431e-09
2.300000000000000100e-01 3.635642145787195008e-06 6.716641691230303735e-09
2.399999999999999911e-01 2.679078589396587227e-06 5.720002240451599408e-09
2.500000000000000000e-01 2.061409629887932315e-06 5.035623564687341535e-09
2.600000000000000089e-01 1.557137791026571066e-06 4.412274550001423483e-09
2.700000000000000178e-01 1.186706285544942710e-06 3.901695076015853025e-09
2.800000000000000266e-01 8.938892747677285142e-07 3.435049908695942997e-09
2.899999999999999800e-01 6.740199171002391096e-07 3.026165306537877007e-09
2.999999999999999889e-01 5.143688888073992259e-07 2.676884913859191004e-09
3.099999999999999978e-01 3.879222565959229626e-07 2.353228745951109890e-09
3.200000000000000067e-01 2.908386556439788413e-07 2.081399786433773706e-09
3.300000000000000155e-01 2.184823594255647209e-07 1.854477275609295398e-09
3.400000000000000244e-01 1.585254237025810842e-07 1.609230765677817054e-09
3.499999999999999778e-01 1.171917630736495102e-07 1.421243974149636793e-09
3.599999999999999867e-01 8.616631467565133467e-08 1.255736076340559339e-09
3.699999999999999956e-01 6.359039105517021175e-08 1.137210776774322973e-09
3.800000000000000044e-01 4.492481518949380129e-08 1.016639299271322020e-09
3.800000000000000044e-01 4.818567982721148201e-08 2.723977295472971103e-10
3.900000000000000133e-01 3.442707762640508027e-08 9.293717858492983441e-10
4.000000000000000222e-01 2.549889143990823261e-08 8.710473808624002241e-10
4.199999999999999845e-01 1.571907858993409396e-08 2.063853259409407784e-10
4.400000000000000022e-01 9.642229035886539144e-09 1.895866970598902168e-10
4.600000000000000200e-01 6.065646096236320804e-09 1.825810204450755908e-10
4.799999999999999822e-01 4.395722247005589731e-09 1.816307054879080224e-10
5.000000000000000000e-01 3.623916409925749752e-09 1.835188358192855189e-10
5.200000000000000178e-01 2.549928873695159141e-09 1.859290944970574362e-10
5.400000000000000355e-01 2.391725809123215144e-09 1.899781758312605381e-10
5.600000000000000533e-01 1.749817936381059784e-09 1.943099666851173236e-10
5.799999999999999600e-01 1.475317886657839330e-09 1.988508722229748346e-10
5.999999999999999778e-01 1.253987996019597082e-09 2.065037890940874204e-10
6.199999999999999956e-01 9.219482231253267240e-10 2.118813898174994877e-10
6.400000000000000133e-01 6.992403256214695384e-10 2.210895035002184114e-10
6.600000000000000311e-01 5.618479150227445673e-10 2.303652887005612802e-10
6.800000000000000488e-01 3.259085573992643422e-10 2.417414359816462181e-10
6.999999999999999556e-01 3.828314134616718007e-10 2.560349768644200480e-10
7.199999999999999734e-01 4.021994786975875188e-11 2.717419008454053352e-10
