1.499999999999999944e-02 9.020281487944811216e-01 7.125038408900780194e-04
1.600000000000000033e-02 9.376582427438553413e-01 7.259239222179519153e-04
1.700000000000000122e-02 9.481590913065175430e-01 7.270804844190059506e-04
1.799999999999999864e-02 9.516571691098804076e-01 7.267103495524745169e-04
1.899999999999999953e-02 9.640518779895561607e-01 7.300726108287893630e-04
2.000000000000000042e-02 9.690248970664769868e-01 7.308744563981494800e-04
2.100000000000000130e-02 9.206582316154254819e-01 7.117041215122238548e-04
2.199999999999999872e-02 7.857590791359825300e-01 6.568673927792299284e-04
2.299999999999999961e-02 5.322163346489361402e-01 5.400753505205277459e-04
2.400000000000000050e-02 3.137450121825863247e-01 4.140640885034661779e-04
2.500000000000000139e-02 2.098978915624676589e-01 3.386764008211452033e-04
2.599999999999999881e-02 1.342429306133767763e-01 2.708308380838710810e-04
2.699999999999999969e-02 9.636686368721666951e-02 2.294896127071469928e-04
2.800000000000000058e-02 7.232500628518269414e-02 1.988784403727965669e-04
2.900000000000000147e-02 5.812596331703669822e-02 1.781496400640796506e-04
2.999999999999999889e-02 4.619442189590440562e-02 1.587931136959535401e-04
3.099999999999999978e-02 3.845701591865943736e-02 1.448271176337599252e-04
3.200000000000000067e-02 3.182495464656053680e-02 1.317212068814903542e-04
3.300000000000000155e-02 2.690688773678994242e-02 1.211279297195526003e-04
3.400000000000000244e-02 2.276770625001706475e-02 1.113589201301351978e-04
3.500000000000000333e-02 1.960822555799041078e-02 1.032799847718238450e-04
3.599999999999999728e-02 1.695937438986772419e-02 9.608069420722676647e-05
3.699999999999999817e-02 1.469361375148945000e-02 8.941358891787811998e-05
3.799999999999999906e-02 1.296747279313808197e-02 8.392378693568050790e-05
3.899999999999999994e-02 1.118905539665775162e-02 7.801731583991370679e-05
4.000000000000000083e-02 1.000653445062682327e-02 7.374341750556030436e-05
4.100000000000000172e-02 8.957951408417314312e-03 6.973722380953988422e-05
4.200000000000000261e-02 7.864524834887406946e-03 6.531747678121476743e-05
4.299999999999999656e-02 7.014821380619905462e-03 6.175831204329592045e-05
4.399999999999999745e-02 6.456171032750284387e-03 5.924666365701146159e-05
4.499999999999999833e-02 5.814506372472847372e-03 5.622216956235447788e-05
4.599999999999999922e-02 5.178973716191553889e-03 5.310976042201139929e-05
4.700000000000000011e-02 4.803603466918114455e-03 5.108794329704328751e-05
4.800000000000000100e-02 4.292189590705660675e-03 4.830907032864440533e-05
4.900000000000000189e-02 4.010032393079040851e-03 4.666630599136363224e-05
5.000000000000000278e-02 3.541661401921519705e-03 4.380804343056355293e-05
5.099999999999999672e-02 3.244583473924565059e-03 4.632704727746998800e-06
6.099999999999999867e-02 1.460446671589563051e-03 3.108392825615233362e-06
7.099999999999999367e-02 7.216732418378717095e-04 2.190627607280452315e-06
8.100000000000000255e-02 4.142256734699337369e-04 1.664571839733129180e-06
9.099999999999999756e-02 2.443997866164402950e-04 1.281198657334040793e-06
1.010000000000000064e-01 1.539888451730924855e-04 1.019540187333508132e-06
1.110000000000000014e-01 9.745932876031334182e-05 8.110439795456555769e-07
1.209999999999999964e-01 6.314690844474146454e-05 6.614748483360616619e-07
1.310000000000000053e-01 4.117230359842765275e-05 5.382955027216666562e-07
1.409999999999999865e-01 2.845774681263704613e-05 4.478287268529575107e-07
1.509999999999999953e-01 1.846240958682104374e-05 3.626538126410040337e-07
1.610000000000000042e-01 1.257688800379946995e-05 3.023779941950962129e-07
1.710000000000000131e-01 8.046543046756287381e-06 2.418304569543639351e-07
1.799999999999999933e-01 5.581108135326643211e-06 6.740213590164627863e-09
1.809999999999999942e-01 5.520239156678283920e-06 2.007803102504258349e-07
1.900000000000000022e-01 3.819102579364399216e-06 5.681527240093301044e-09
1.910000000000000031e-01 3.428243023236704157e-06 1.609881509071278175e-07
2.000000000000000111e-01 2.535540667822734897e-06 4.686468598323965214e-09
2.010000000000000120e-01 2.339756876216370204e-06 1.349704479802922506e-07
2.099999999999999922e-01 1.699928403257584446e-06 3.879675849945449824e-09
2.200000000000000011e-01 1.114494444547001009e-06 3.185611805500334463e-09
2.300000000000000100e-01 7.395802105459276402e-07 2.673646144974921390e-09
2.399999999999999911e-01 4.674968330868330237e-07 2.147550982693429027e-09
2.500000000000000000e-01 3.069176548351795265e-07 1.786052337698731353e-09
2.600000000000000089e-01 2.042827050930419558e-07 1.513802336139114189e-09
2.700000000000000178e-01 1.414232052700916334e-07 1.336293993106439292e-09
2.800000000000000266e-01 1.154329589192206472e-07 1.218281673229572898e-09
2.899999999999999800e-01 9.007756054803932953e-08 1.119618641305976168e-09
2.999999999999999889e-01 7.857350067579227880e-08 1.065418631860201321e-09
3.099999999999999978e-01 7.398382817954719581e-08 1.032865910984866622e-09
3.200000000000000067e-01 6.853914048799174224e-08 1.017947876235342267e-09
3.300000000000000155e-01 6.642503337762121247e-08 9.847122868843469541e-10
3.400000000000000244e-01 5.962277403265144394e-08 9.540650081337931632e-10
3.499999999999999778e-01 5.769077556930587337e-08 9.393782740730595288e-10
3.599999999999999867e-01 5.305081852119989109e-08 9.113798436377848456e-10
3.699999999999999956e-01 4.715702848971766273e-08 8.858554708474065877e-10
3.800000000000000044e-01 4.418968983955118871e-08 8.457720657540499499e-10
3.800000000000000044e-01 3.928098723716647765e-08 2.538895635600337171e-10
3.900000000000000133e-01 3.615927724983645607e-08 8.000972806077221920e-10
4.000000000000000222e-01 3.116813393735783185e-08 7.674704396131472043e-10
4.199999999999999845e-01 2.108359236083457080e-08 2.093120742501885253e-10
4.400000000000000022e-01 1.360538772713032095e-08 1.898337232547202295e-10
4.600000000000000200e-01 9.224889915858959353e-09 1.746755760502550900e-10
4.799999999999999822e-01 5.727322228630482798e-09 1.626188741293999854e-10
5.000000000000000000e-01 3.659853123121832337e-09 1.551890625352632210e-10
5.200000000000000178e-01 2.189059652681190336e-09 1.498747629828250276e-10
5.400000000000000355e-01 9.922081195382600579e-10 1.482738784190125252e-10
5.600000000000000533e-01 7.176309516332686625e-10 1.510423027173905586e-10
5.799999999999999600e-01 8.060684035204289837e-10 1.505048521518730294e-10
5.999999999999999778e-01 5.291761542381186393e-10 1.563888795065576472e-10
6.199999999999999956e-01 2.645266862697989959e-10 1.613307570172588304e-10
6.400000000000000133e-01 2.311834982675296357e-10 1.664181581555340616e-10
6.600000000000000311e-01 3.489891082132482770e-10 1.728750594687549289e-10
6.800000000000000488e-01 -8.383780533580617475e-12 1.854881839097022849e-10
6.999999999999999556e-01 4.787383807945963797e-10 1.887360595799405592e-10
7.199999999999999734e-01 3.067164685225778192e-10 2.038779733165620051e-10
